1001
1003
1004
1005
1006
1007
1008
1009
1010
1011
1013
1014
1015
1016
1017
1018
1019
1020
1021
1023
1024
1026
1027
1028
1029
1030
1031
1032
1033
1034
1037
1038
1041
1043
1044
1045
1046
1047
1048
1049
1050
1051
1053
1055
1056
1057
1058
1060
1061
1062
1063
1064
1065
1066
1067
1068
1069
1070
1071
1072
1073
1074
1075
1076
1077
1078
1079
1080
1081
1082
1083
1084
1085
1086
1089
1090
1091
1093
1094
1095
1096
1097
1099
1100
1101
1102
1103
1105
1107
1108
1109
1110
1111
1112
1113
1114
1115
1116
1117
1118
1119
1120
1121
1122
1123
1124
1125
1126
1127
1128
1129
1130
1131
1132
1133
1134
1135
1137
1138
1140
1141
1142
1143
1144
1146
1147
1148
1149
1151
1152
1153
1154
1156
1157
1158
1159
1161
1162
1164
1165
1166
1167
1168
1169
1170
1171
1172
1173
1175
1176
1179
1180
1181
1182
1184
1188
1192
1193
1195
1196
1197
1199
1200
1203
1206
1209
1210
1211
1212
1213
1214
1215
1216
1217
1218
1219
1220
1221
1222
1223
1224
1225
1226
1227
1230
1231
1235
1249
1250
1251
1252
1253
1254
1289
1292
1295
1301
1306
1307
1312
1313
1315
1317
1320
1324
1325
1326
1327
1332
1341
1343
1347
1352
1353
1354
1356
0
1359
1365
1366
1
1367
1368
1375
1377
1378
1380
1381
1382
1383
1384
1390
1393
1396
1400
1403
1406
1408
1409
1411
1413
1414
1416
1420
1421
1422
1428
1429
1438
1439
1449
1450
1453
1454
1455
2
1458
1461
1462
1463
1465
1466
1467
1468
1469
1470
1471
3
1473
1475
1478
4
1484
1485
1486
5
1487
6
1492
1493
1495
1496
1498
1503
1504
1505
1506
7
1507
8
1511
1514
1515
9
1516
1517
1518
1519
1520
1523
1526
1528
1529
1530
1531
1532
1533
1534
1535
1536
10
11
1537
1538
1540
1541
1542
1543
12
1544
1545
1546
1547
1548
1549
13
1550
1552
1553
1554
1555
1556
1557
1558
1559
1560
14
1561
1562
1563
1565
1566
1568
1569
1570
1571
1572
1573
1574
1575
1576
1577
1580
1581
1583
1586
1587
1588
1589
1590
1592
1593
1594
1595
1596
1597
1598
1599
1600
1601
1603
1604
1605
1606
1608
1609
1613
1614
1615
1616
1617
1619
1620
1621
1622
1623
1624
1625
15
1627
1628
1629
1630
1631
16
1632
1633
1634
1636
1637
1638
1639
1640
1641
1642
1643
1644
1646
1647
1648
1649
1650
1651
1652
1653
1654
1655
1656
1657
1658
1660
1661
1662
1663
1664
1665
1666
1667
1668
1669
1670
1671
1672
1674
1675
1676
1677
1678
1679
1680
1681
1683
1684
1685
1686
1687
1688
1689
1690
1691
1693
1694
1696
1697
1698
1699
1700
1701
1702
1703
1704
1705
17
1709
1710
1712
1714
18
1715
1717
1718
1719
1720
1721
1722
1723
1724
1725
1726
1727
1728
1729
1730
1732
1733
1734
1736
1738
1739
1740
1742
1743
1744
1745
19
1746
1747
1748
1749
1750
1753
1754
1755
1756
1757
1758
1760
1761
1762
1763
1764
1765
1766
1767
1769
1770
1771
1772
1774
1776
1778
1779
20
1783
1784
1786
1787
1788
1789
1790
1791
1792
1795
1796
1797
1801
1802
1803
1804
21
1805
1806
1807
1808
1809
1810
1811
1812
1813
1814
1816
1817
1818
1819
1820
1821
1823
1824
1825
1826
1827
1828
1829
22
1830
1831
1832
1833
1834
23
1837
1838
1839
1840
1841
1842
1843
1844
1845
1846
1847
1848
1849
1850
1851
1852
1853
24
1854
1855
1856
1857
1858
1859
1860
1861
1862
1863
1864
1866
1867
1869
1870
25
1871
1873
26
1874
1876
1877
27
28
1880
29
1882
1883
1886
1889
1890
1892
1895
1901
1902
1903
1904
30
1905
1908
1910
1913
1914
31
32
1916
1917
1918
1919
1920
1921
1922
1925
1927
1928
1930
1931
1935
1936
1937
1938
1943
1946
1950
1953
1957
1958
1959
1960
33
1961
1962
1963
1964
34
1965
1966
1967
35
1968
36
1969
1970
1971
1972
37
1973
1974
1975
1976
1977
1978
1979
1981
1984
1986
1987
38
39
1990
1991
1992
1995
1996
1997
1998
1999
2000
2001
2003
2004
2005
2006
2007
40
2009
2010
2011
41
2014
2021
42
43
2023
44
2025
2026
2027
45
2030
2032
46
2033
47
2035
2036
48
2037
2038
49
2039
2042
50
2043
2044
2046
2048
51
2069
2088
2089
52
53
54
55
2092
2093
2094
2095
2096
2099
2101
2103
2104
2105
2108
2109
2110
2111
56
2112
2113
57
2114
2115
58
2120
2121
2122
2123
2125
59
60
2130
2132
2134
2135
61
2137
2138
2139
2140
2141
2142
62
2144
2145
2146
2148
2151
2152
63
2153
2154
2155
2156
2157
2158
64
2159
2160
2162
2164
65
2165
2166
2167
2168
2169
66
2170
2171
2172
2173
67
2174
2176
68
2177
2178
2180
2181
2182
2183
2184
2185
2187
69
2188
70
71
2189
2191
2193
2194
72
73
74
75
76
77
2196
78
2200
2204
2208
2210
2219
2220
79
2224
2225
2228
2233
2238
2240
2243
2244
2245
2246
2247
2248
2250
2252
2253
2255
2257
2259
2260
2261
2262
2263
80
2264
81
2268
2269
2270
2271
2272
82
2273
83
2274
2275
2278
2280
2285
2288
2289
2292
2293
2294
2296
2298
84
2300
2301
2302
85
2303
2304
86
2305
2306
2309
2310
2311
2312
2315
2317
2318
2319
2320
2321
2322
2324
2325
2326
2329
2330
2333
2337
2338
2339
87
2340
88
2341
2342
89
2343
2344
2345
2346
90
2348
2349
2351
2352
2354
2355
2357
91
2360
2362
2363
2365
2366
2367
2368
92
93
2369
2370
2372
2375
2376
94
2380
2381
2382
2387
2390
2391
2392
2393
2394
2396
2398
2399
2400
2401
2402
2404
2405
95
96
2407
2408
2409
2411
2412
2414
97
2415
2416
2417
2418
2419
2420
2421
2422
2423
2424
2425
2426
2427
2428
2429
2430
2431
2432
2433
2434
2435
2436
2437
2438
2439
2440
2441
2442
2443
2444
2445
2446
2447
2448
2449
2450
2451
2452
2453
98
2454
2455
99
2456
2457
2458
2459
2460
2461
2462
2463
2464
2465
2466
2467
2468
2469
2470
2471
2472
2473
2474
2475
2476
100
2477
2481
2482
101
2484
102
2485
103
2486
2487
2488
2490
2491
2493
2494
104
2495
2498
2499
2500
2506
2509
105
106
2515
2517
2519
2520
2521
2522
2523
2524
2525
2526
2527
2529
2536
2537
2545
2549
2552
2555
2556
2558
2560
2561
2562
2564
2565
2572
107
2580
108
2584
2585
2586
2587
2588
2589
2591
109
2592
2593
2594
2599
2602
110
111
2627
2630
2635
2636
2638
2642
2643
112
2645
113
2646
2647
2648
114
2652
2655
2656
2658
2659
115
2662
2663
2666
2667
2668
116
2670
2671
2672
2673
2674
2675
2676
2678
2680
2681
2682
2683
2686
2689
2691
2692
2693
2694
2697
2698
117
2706
2707
2709
2713
2715
2717
2718
2719
118
119
2727
120
121
2730
2731
2732
122
2736
123
124
2737
125
2739
2741
2748
126
2750
2751
2754
2757
2764
2765
2766
2768
2769
127
128
2770
2771
2772
2773
2774
2775
2776
2777
2778
2779
2780
129
2781
2782
130
2783
2784
2785
2786
131
2787
2788
2789
132
2790
2791
2792
2793
2794
133
2795
2796
2797
134
2798
2799
135
2800
2801
2802
2803
2804
2806
2807
2808
2809
2810
136
2811
2812
2813
137
2814
138
2815
2817
2820
2822
2823
2824
2825
2826
2827
2828
2829
2830
139
2831
2832
2833
2834
2835
2836
140
2837
141
2838
2839
2840
2841
2842
2843
2844
2845
2846
2848
2850
2851
2853
2854
2855
2856
2857
142
2859
2861
2862
2864
2865
2866
2867
2868
2871
2873
143
2874
2875
2877
2878
2879
2882
2884
2885
2886
2887
2888
2889
2890
2891
2892
2893
2894
2895
2896
2897
2898
2899
2900
2901
2902
2903
2904
2905
2906
2907
2908
2909
2910
2911
2912
2914
2916
2917
2918
2919
2920
2921
144
2923
2924
2925
2926
2927
2928
2929
2930
2931
2932
2933
2934
2935
145
2936
2937
2938
2939
146
2941
2943
2946
2947
2948
2949
2953
2954
2955
2956
2957
2959
2960
2961
2962
2963
147
2965
2966
2970
2971
2972
2973
2974
2975
2976
148
2980
2981
2983
2985
149
2987
2988
2989
2990
2991
2992
2993
2994
2995
2996
150
2997
2998
2999
3000
3001
3002
3003
3004
3005
3007
3008
3012
3013
3014
3016
3017
3018
3021
3022
151
153
154
155
3024
156
3025
157
158
3026
159
3028
160
161
162
163
164
3030
3032
3033
3034
167
168
3038
169
170
3039
171
172
173
174
176
177
178
3041
3042
179
180
181
182
183
184
185
186
187
3043
3044
3045
3046
188
3048
189
3049
190
191
192
193
194
195
3050
196
197
198
199
200
201
3051
202
203
204
3053
3054
3055
3056
205
206
207
208
209
3057
210
3058
211
212
213
214
3059
215
216
3061
217
218
219
220
3062
221
3065
3066
222
3068
223
3069
3070
224
225
226
227
228
229
230
231
232
233
234
235
3071
3072
236
237
3073
238
239
240
241
242
3074
243
244
3075
245
246
247
3080
248
249
250
251
252
253
254
255
256
257
3082
258
259
260
261
3083
3084
263
264
3085
265
266
267
3087
269
270
271
272
3089
3090
273
274
275
276
3093
3095
3097
277
3102
3103
278
279
280
3105
3106
3107
3108
3109
3110
3111
3112
3114
3115
281
282
3116
283
3117
284
3118
3119
285
3121
3122
3123
3124
3125
286
3126
3129
3130
3132
3133
287
3134
3135
3136
3137
3138
3139
288
3141
289
290
291
3142
292
3144
3145
3146
293
3150
294
3152
3153
3154
295
3156
296
297
3158
3161
3163
3165
298
299
3170
3171
3172
3173
3174
3194
3195
3197
3198
3199
3200
3205
3209
3212
3213
3215
3219
3220
3222
3223
3225
3226
3228
3230
3231
300
301
3232
3234
3235
302
3237
3239
303
3241
304
3243
3244
305
3252
3255
3256
3257
306
3260
3261
3262
3263
3264
3265
3266
307
3279
3280
3281
3282
3287
3289
3290
3301
308
3304
3306
3307
3308
3309
3316
3317
3318
3319
3321
3322
3326
3329
3330
3332
3333
3335
3336
3340
3345
3346
3347
309
3349
3350
3353
3354
3355
3356
3358
3359
3360
3362
3364
3365
3367
3369
3370
3371
3372
3373
3374
3376
3379
3381
3382
3383
3384
3386
3389
310
3394
3395
3396
3397
3401
3404
311
3411
3412
3413
3415
3416
3418
312
3419
3421
3424
313
3425
314
3427
3428
3430
315
3432
3433
3434
3436
3444
3445
3446
3448
3451
3454
3458
3462
3464
3475
3479
3480
3489
316
3495
3497
3498
317
3502
3510
3511
3514
318
3516
3518
3521
3524
319
320
3531
3538
3539
3540
3541
3542
3543
3544
3545
321
3546
3547
3548
3549
3550
322
3552
3553
3555
3556
3557
3558
323
324
3560
3561
325
326
3563
3564
3565
3566
3567
3568
3570
3572
3573
3576
3577
3580
3583
3586
3587
3589
3596
3599
3605
3606
3613
3617
3618
3620
3622
3623
3626
3628
3629
3630
3631
3632
3633
3636
3637
3640
3643
3647
3649
3652
3653
3655
3657
3658
3662
3663
3664
3665
3666
3667
3669
3672
3673
3675
3678
3680
327
3681
3682
328
3684
3685
3689
329
3690
3692
3694
3695
3696
3697
3698
330
3699
331
3703
3704
3707
3708
332
3710
3713
3714
3715
3718
3720
3722
3723
3726
3727
3734
3736
3741
3746
3753
3755
333
3759
3760
334
3776
3782
3790
3794
3799
3800
3801
3802
335
3803
3804
3805
3806
3807
3808
3809
3810
3812
3813
3814
3815
3817
3818
336
3823
3824
337
3827
3828
3830
338
3831
3832
3833
3834
3837
3838
3843
3849
3852
3853
3854
3855
3856
3857
3861
3862
3863
3864
3865
3866
3867
3868
3869
3870
3871
3875
3879
3880
3881
3882
3883
3884
3886
3887
3888
3889
3890
3891
3892
3893
3895
3896
3897
3898
3899
3900
3901
3902
3903
3904
3905
3906
3907
3908
3909
3914
3919
3920
3921
3922
3923
3925
3926
3927
3928
3929
3931
3932
3934
3935
3938
3939
3940
339
3941
3942
3943
3944
3945
3948
3949
3951
3952
340
3956
3957
3958
3960
3961
3963
3964
3965
3966
3967
3968
3969
341
3970
3973
3974
342
343
3977
3978
344
3980
3982
3983
3984
345
3986
3987
3988
3989
3991
3993
3994
3995
3996
3997
3998
3999
4002
4003
4005
4006
4007
4008
4009
4010
4012
4014
4015
4016
4017
4019
346
4021
4024
4026
347
4028
4029
4030
4031
4032
348
4033
4034
4035
4040
4041
4043
4048
4049
4051
4052
4055
4056
349
4057
4058
4059
4060
4061
4062
4063
4065
4066
4067
350
4070
4073
4074
4075
4076
4077
4078
4079
4080
351
4081
352
353
4082
4084
4085
4086
4087
4090
4092
4094
4096
4097
4098
4100
4101
4102
4104
4105
4107
4108
4109
4112
4113
4114
4115
4117
4118
4119
4120
4121
4122
4123
4124
4125
4127
4128
4131
4138
354
4139
355
4141
4142
4143
4144
4145
4146
356
4148
357
4152
358
4153
359
360
4157
4158
4159
361
4160
362
4164
4165
4170
4173
4181
363
4183
4189
364
4190
4191
4194
4195
4197
4198
4200
4201
4202
4203
4204
4209
4210
4211
4219
4220
4222
4234
365
366
4235
4236
4237
4238
367
4240
4241
4242
368
369
4244
4245
370
4248
371
372
4251
4252
373
4254
4255
4256
374
4258
375
4259
376
377
4262
4263
378
379
380
381
382
4272
383
4275
4276
4278
384
4280
4286
385
386
4296
4297
4299
4300
4301
387
388
4303
4305
4306
389
4315
4317
4319
4321
4324
4325
4326
4330
4335
4337
4341
390
4345
4346
4347
4353
4355
4356
4359
4362
4365
4367
4370
4372
4373
4374
4375
4376
4377
391
4378
4379
4380
4381
4382
4383
4390
4393
4395
4398
4406
4409
4411
4420
4422
4423
4424
4425
4426
4427
4433
4434
4435
4436
4437
4440
4441
4444
4445
4446
4448
4450
4452
4453
4454
4460
4461
4462
4463
4466
4468
4472
4473
4475
4476
4481
4482
4485
4490
4491
4492
4495
4496
4497
4498
4502
4507
4508
4509
4510
4512
4516
4518
4524
4526
4528
4533
4536
4544
4545
4547
4551
4555
4556
4557
4558
4559
4564
4570
4571
4576
4577
4578
392
4579
393
4581
4582
4583
4590
4592
4594
4597
4607
4611
4612
4613
4615
4624
4625
4626
4627
4628
4629
4630
4632
4634
4636
4637
4638
4639
4642
4644
4645
4646
4647
4648
4649
4668
4669
394
4671
4672
395
4675
396
4677
4678
4692
4693
4697
4699
4700
4702
4703
4704
397
4706
4707
4709
4711
4712
4714
4720
4722
4731
398
4738
4739
4740
399
4741
4742
4743
4744
4748
4750
400
4751
4752
4753
4754
4757
401
4759
402
4764
4768
4771
4773
4775
4776
4778
4779
4780
4782
4784
4786
4787
4788
4789
4795
4799
4800
4801
4802
4803
403
4804
4806
4807
4808
4809
4810
4811
4812
4813
404
4816
4817
4818
405
4821
4824
4826
4827
4829
4831
4836
4838
4842
406
4843
4844
4845
4846
4847
4848
407
4851
4853
4854
408
4855
4856
4857
4858
4860
409
4862
4863
4864
4866
4867
4868
4870
4871
4872
4873
4874
4875
4880
4882
4886
4887
4888
4889
4891
4894
4896
4897
4898
4899
4900
4901
4902
410
4904
4906
4907
411
4911
4912
4913
4914
4915
4916
4917
4918
4919
4920
4922
4923
4924
4926
4928
4929
4932
4933
4934
4937
4938
4939
4940
4942
4943
4944
4946
4949
4950
4951
4953
4954
4957
4961
4962
412
4966
4967
413
4975
4976
4977
4981
4982
4985
4986
4987
4989
4990
4992
4993
4994
4996
4998
5000
5002
5003
5004
5005
5006
5007
5009
5011
5012
5013
5014
5016
5017
5018
5020
5021
5022
5024
5025
5026
5027
5028
5030
5031
5036
5037
5039
5040
5041
5042
5044
5045
5048
5049
5050
5051
5052
5053
5054
5055
5056
5057
5059
5060
5061
5062
5063
414
5064
5066
5068
5069
5070
5071
5072
5074
5075
5076
5078
5079
5080
5081
5082
5083
5084
5085
5086
5089
5090
5091
415
5093
5094
5095
416
5098
5101
5102
5104
5105
5112
5113
5114
5116
417
5120
5121
5122
418
5124
5125
5126
5127
5128
5130
419
5131
5132
5135
5136
5139
420
5140
421
5143
5145
5146
5147
422
423
424
5149
5151
5152
5154
5155
425
5159
5161
426
5164
427
5167
5168
5171
5172
5175
428
5176
5177
429
5179
5180
5181
5182
5183
5184
5187
5188
5189
5190
5191
5192
430
5193
5194
5195
5196
5197
5198
5200
5201
5202
431
5203
432
5206
5207
5208
5209
433
5213
5214
5215
5216
434
435
5219
5220
5226
5227
5228
5229
5230
5231
5232
5233
5234
5235
5236
5240
5241
5242
5243
5244
5245
5247
5249
436
5250
437
5252
438
5253
5255
5256
5257
439
5262
5265
5268
5269
5270
5271
5272
5274
5275
5276
5277
5279
5282
5283
440
5284
5285
441
5286
5287
5288
5290
5291
5292
5294
442
5296
5297
5300
5303
5305
5307
5308
5309
5313
5315
5316
5317
5318
5319
5325
443
5327
5329
444
5330
5332
5333
5334
5335
5336
5338
445
5344
5347
5349
5351
5352
5353
5354
5355
446
5357
5359
447
5360
5364
5365
5366
5367
5368
5370
448
5375
5380
5382
5384
5387
5388
5390
5391
5393
5394
5395
5398
5399
5400
5402
5403
5404
5405
5406
5411
5412
5414
5415
5416
5417
5418
5420
5422
5425
5426
5428
5429
5430
449
5433
5434
5435
450
5436
5437
5439
5443
5444
5445
5446
5449
5450
5452
5454
5455
451
5457
5458
5460
5461
5464
5465
5469
5470
5471
5472
5473
5474
452
5475
5476
453
5478
5479
5480
5481
454
5483
5484
5485
5486
5487
5488
5490
5491
5492
5495
5496
5498
5502
5503
5505
5506
455
5509
5511
5512
5514
5516
5517
456
5520
5521
5522
5523
5524
5525
5527
5528
5529
5530
5532
5533
5534
457
5536
5540
5541
5543
5544
5545
5546
5547
5549
5550
5551
5553
5554
5558
5559
5562
5563
5564
5565
5567
5568
5569
458
5570
5572
459
5574
5577
5578
5579
5581
5582
460
461
5585
5586
5589
5593
5595
5598
5599
5600
5601
5602
5603
5606
5609
5610
5611
5614
5616
5617
5619
5621
5622
5624
5626
5628
5629
5630
5631
5632
462
5635
5637
5638
5639
5641
5642
5646
463
5648
464
5650
5652
5654
5655
5656
5657
5658
5659
5660
5661
5662
5664
5665
465
466
5666
5667
5668
5670
5671
5672
5674
5675
5676
5677
5679
5681
5682
5684
5686
5687
5689
5690
5691
5695
5696
5698
5700
5701
5705
5707
5708
5709
5711
5712
5713
5714
467
5716
5717
5718
5719
5721
5723
5725
5727
5728
5730
468
5732
5733
5734
5735
5736
5737
5738
5739
5740
5741
5742
5743
5744
5746
5747
5748
5749
5750
5752
5753
5754
5755
5756
5757
5758
5762
5765
469
5767
5769
5770
5777
5778
5779
5780
5783
5784
5785
5786
5788
5789
5794
5795
5796
5797
5799
5800
5802
5803
470
5806
5807
5811
5813
5817
5819
471
5820
472
473
5821
5822
5823
5824
5825
5826
5827
5828
5832
5833
5837
5838
5839
5840
5841
5842
5843
5845
5846
5847
5848
5849
5852
5854
5855
5856
5857
5858
5859
5860
5861
5862
5864
5865
5866
5867
474
5869
5870
5871
5872
5873
5878
5882
5883
475
476
5886
477
5891
5894
5895
5897
5899
5900
5901
5903
5907
5908
5909
5910
5911
478
5912
5913
5914
5916
5919
5920
5921
5922
479
5923
5926
5927
5930
5931
5932
5933
5937
480
5938
5939
5940
5941
5942
5944
5945
5946
481
5947
482
5948
5949
5951
5952
483
5955
5957
484
5959
5960
5961
5962
5963
5965
5966
5969
5970
5971
5976
5978
5981
5982
5986
5987
485
5988
5989
5990
5991
5992
5995
5996
5997
486
5998
487
5999
6000
6001
6003
6005
6006
6007
6008
6009
6010
6011
6013
6015
6016
488
6017
489
490
491
6019
6022
6023
6025
6027
6028
6029
6030
6032
6037
6038
6039
6040
6043
6046
6048
6049
6050
6052
6055
6056
6057
6058
6059
6060
6061
6062
6063
6065
6069
6071
6072
6073
6074
492
6075
6076
6077
6079
6081
6082
6083
6084
493
6085
494
6088
495
6090
6094
6095
6096
6097
6098
6099
6100
6101
6102
6107
6108
496
6110
6111
6112
6113
6115
497
6116
6117
6119
6121
6122
6123
6124
6125
6126
6127
6128
6129
498
6131
6132
6134
6135
6136
6137
6139
6140
6143
6144
6148
6153
6155
6157
6158
6159
6160
6161
6162
6164
6165
6166
6168
6170
6172
499
6173
6174
500
6176
6181
6182
6184
6187
6189
6190
501
6192
6193
6194
6195
6196
6197
502
6199
6200
6201
6202
6205
6206
6208
6209
6210
6211
6212
6213
6214
6215
6222
6224
6226
6233
6234
6235
6238
6239
6240
6245
6249
6250
6251
6252
6254
6255
6256
503
6257
6260
6261
6262
6263
6264
504
505
6266
6267
6268
6270
6271
6272
506
6275
6277
6278
6279
6280
6281
6282
6283
6284
6285
6286
6290
6291
6295
6296
6297
6298
6300
6301
6302
6303
6304
6305
507
6308
6309
6310
6315
6316
6317
6320
6321
6322
6323
6324
6328
6329
6333
6335
6337
6338
6339
6340
6341
508
6342
6344
6346
6348
6349
6350
6351
6352
6353
6354
6357
6358
6359
509
6362
6363
6364
6365
6369
6371
6374
6375
6377
6378
6381
6382
510
6385
6386
6387
6388
6389
6391
6393
6394
6395
6396
6399
511
6400
6401
6402
6403
6406
6407
6408
6409
6410
6412
6415
6416
6419
6420
6422
6423
6428
6429
6430
6432
6435
512
6437
6438
6439
513
6441
6442
6443
6446
6447
6448
6450
6451
6453
6454
6455
6459
6460
6462
6463
6466
6467
6471
6472
6473
6474
6476
6477
6480
6481
6482
6483
6484
6485
6487
6489
6490
514
515
6492
6493
6494
516
6496
6498
6499
517
6502
6503
518
519
6505
6506
6507
6508
6509
6510
6512
6513
6517
520
6520
6521
6522
6523
6525
6526
6527
6528
521
522
6532
6533
6534
6540
6542
6546
6547
6549
6552
6553
6554
6556
6559
6560
6561
6563
523
6568
6575
6578
6579
524
6584
6585
6586
6589
6590
6591
6593
6595
6597
6599
6600
6603
6604
6609
6614
6615
6619
6621
6622
6623
6627
6628
6629
525
6632
6634
6641
6642
6647
6648
6649
6651
6653
6654
6658
6664
6665
6666
6672
6675
6676
6677
6678
6679
6681
6684
6685
6686
6688
6689
6690
6691
6693
6698
6699
6700
6701
6702
6704
6706
6708
526
6709
527
6710
6711
6713
6714
6715
6720
6723
6724
6725
6727
528
529
6730
6732
6736
6740
6742
6743
6744
6745
6751
6754
6755
530
6757
6758
6759
531
6762
6765
6766
6767
6768
6769
6770
6771
6772
6773
532
6774
6775
6776
6779
6782
6786
6788
6792
6793
6794
6797
6798
6801
6802
6803
6805
533
6806
534
6807
535
6808
6809
6811
6812
6813
6814
6816
6819
6820
6823
6826
6827
6828
6829
6831
6836
6840
6842
536
537
6847
6848
6849
6850
6851
6852
6854
538
6855
6856
6857
6858
6859
6860
6861
6862
6865
539
6867
6868
6871
6872
6874
6877
6878
6880
6881
6882
6883
6885
6886
6890
6891
6893
6895
6897
6899
6900
6901
6902
6904
6907
6908
6909
6910
6911
6912
6913
6914
6915
6916
6918
6919
6920
6922
6924
6925
6927
6928
6929
6930
6931
6934
6935
6937
6938
540
6939
6940
6941
6942
6947
6949
6951
6952
6954
6955
6958
6959
6962
6964
6965
6969
541
6971
6972
6973
542
6975
6978
6979
6980
6984
6988
6990
6991
6992
6993
6994
6997
543
7001
7002
7003
7006
7007
7009
7010
7012
7014
7015
7016
544
7017
7018
7022
7023
7026
7027
7028
7029
7030
7031
7032
7033
7034
7038
7042
7044
7045
7046
7048
7049
7050
7051
7052
7053
7055
7056
7057
7059
7060
545
546
7065
7066
7067
547
7068
7069
7070
7071
7072
7073
7074
7075
7081
7084
7088
7090
7091
7092
7095
7100
7101
7103
7105
7106
7107
7110
7112
7113
7114
7115
7117
7119
7120
7121
7122
7125
7126
7127
7128
7129
548
7130
7132
549
7133
7136
7137
7141
7142
7143
7144
7145
7146
7148
7150
7152
7153
7155
7156
550
7157
7158
7159
7161
7162
7164
7165
7167
7169
7170
7171
7172
7174
7175
7177
7184
7186
7188
7189
7190
7192
7193
7194
7195
7196
7197
7198
7200
551
7201
7202
7205
7206
7211
7212
7213
7214
7215
7216
7218
7220
7221
7222
7223
7224
7226
7227
7229
7231
7232
7233
7234
7235
7236
7239
7242
7243
7245
552
7246
7247
7251
7252
7253
7254
7255
7256
7257
7260
7261
7262
7267
7269
7270
7272
7273
7276
7277
7278
7280
7281
7284
7285
7287
7288
7293
7294
553
7297
7301
7303
7304
7306
7309
7310
7311
7312
7313
7314
7316
7321
7322
7323
7324
7325
554
7327
555
7330
7331
7333
556
7335
7337
7341
7343
7344
7345
7348
7351
7352
7355
7358
7359
7360
7362
557
7367
7368
7370
7371
7372
7373
7374
7376
7377
7378
7379
7381
7382
7383
7386
7387
7388
7392
7393
7394
7395
7396
7398
7400
7401
7402
7403
7406
7407
7408
7410
7411
7415
7416
7420
7422
558
7423
7426
7427
7428
7431
7432
7434
7435
7436
7437
7438
7439
7440
559
7442
7443
7444
560
7449
7450
7452
7456
7457
7458
7464
7465
7468
7470
561
7477
7479
7480
7482
7483
7484
7486
562
563
7487
564
7490
7491
7492
7494
7497
7498
7499
7501
7503
7504
7507
565
7509
7510
7511
566
7512
7514
7515
7516
7517
7518
7520
7521
7523
7524
7525
7526
7528
7529
7530
567
7531
7532
7533
7535
7536
7539
7540
7542
568
7543
7544
7546
7547
7548
7549
7551
7552
7553
7554
7557
7558
7559
7560
7565
7566
7567
7568
7569
7573
7581
7583
7584
7585
7586
7587
7589
7591
7592
7593
7594
7595
569
7596
7597
7598
7599
7600
7601
7602
7603
7605
7606
7607
7608
7610
7611
7612
7613
7616
7619
7622
7623
7624
7625
7626
570
7628
7629
7630
7631
7632
571
7633
7634
7635
7636
7640
7641
7642
7643
7644
7645
7646
7647
7648
7650
7651
7652
7653
7654
7656
7658
7659
7660
7665
7666
7667
7669
7670
7671
7672
7673
7674
7675
7678
7682
7684
7685
7686
7687
7688
7689
7691
7692
7694
7695
7696
7698
7699
7701
7704
7705
7706
7707
572
7709
573
7710
7711
574
575
7712
7713
7714
7715
7716
576
577
7719
7721
7723
7724
578
7727
7728
7730
7731
7734
7735
7736
7737
7738
579
7739
7741
7742
7743
7744
7745
7746
7747
7749
7752
7753
7754
7755
7756
7757
7758
7760
580
7761
7763
581
7766
7767
7768
7771
582
7774
7775
7780
7781
7782
7787
7789
7790
7792
7795
7796
7797
583
7801
7802
7804
7806
7807
7809
7810
7812
7816
7819
7822
7828
7834
7835
7836
7838
7840
7841
584
585
7846
586
7849
7850
7851
7853
7854
7855
7856
587
7861
588
7862
7863
7865
589
7868
7869
7870
7871
7872
7873
7874
7875
7876
590
591
7878
7879
7880
7881
7882
7883
7884
7886
7887
7890
7892
7893
7894
7899
7900
7902
7904
592
7905
593
7909
7910
7911
594
7912
7916
7918
595
7920
7921
7922
7924
7925
596
7927
7928
7929
7931
7933
7936
7939
7942
7943
7944
7945
7949
7951
7954
7955
7957
7959
7960
7961
7962
7964
7965
7966
7967
7968
7969
7970
7971
7973
7974
7976
7977
7978
7981
7987
7988
7990
7993
7994
7995
7998
7999
8000
8004
8006
8007
8009
8010
8011
8013
8015
8016
8019
8020
8022
8025
8026
8028
8029
8031
8032
8033
8034
8037
8040
8041
8044
8045
8047
8049
8053
597
8054
8057
8058
8059
8060
8061
8062
598
8064
599
8065
8066
8071
600
8072
8073
601
8079
8080
602
8083
8085
8087
8088
8090
8091
603
8094
8099
8100
8101
8103
8104
8106
8107
8108
8109
8111
8112
8113
8114
8115
8117
8118
8119
8120
8121
8123
8124
8125
604
8126
8127
8128
8129
8131
8133
8134
8135
8136
8137
8141
8144
8146
8148
8150
8151
8152
8153
8154
8155
8158
8159
8163
8164
8165
8168
8170
8172
8173
8174
8178
8180
8181
8182
8183
8184
8187
8188
8189
8190
8193
8194
8196
8200
8201
8205
8208
8210
8213
8215
8219
8223
8225
8227
8229
8230
8232
8236
8238
8239
8244
8247
8249
8250
8251
8253
8255
8257
8259
8262
8263
605
8266
606
8267
8269
8271
8274
8275
8277
8279
8280
8282
8284
8285
8287
607
8288
8294
8295
8296
8297
8298
8300
8303
8305
608
609
8307
8308
8309
610
8310
8312
8313
8316
8317
8318
8320
611
612
8324
8325
8326
8327
8328
8329
8330
8331
613
8336
8337
8338
8339
8340
8341
8345
8348
8349
8350
8352
8355
8358
8359
8362
8363
8367
8368
8369
8370
8373
8374
8375
8376
8377
8378
8380
8381
8383
8384
8385
8386
8387
8390
8391
8392
8393
8394
614
8397
8402
8404
8405
8406
8407
8408
8409
8410
8412
8413
8414
8416
8418
8419
8420
615
8421
8422
8423
8424
8426
8427
8428
8429
8430
8434
616
8435
8437
8439
8443
8444
8445
8447
617
8448
8450
8452
8453
8454
618
8458
8459
8461
8462
8463
8465
8467
8468
8470
619
8473
8478
8479
8481
8484
8485
8486
8490
620
8492
8493
8494
8495
8498
8499
8500
8503
8504
8505
8506
8508
8510
8512
8515
8517
8518
621
8519
8520
8522
8523
8525
8527
8528
8529
8531
8532
8533
8534
8535
8537
8539
8540
8541
622
8543
623
8546
8547
8548
8549
8550
8551
8553
624
8554
625
8557
8558
8560
8565
8567
8569
8571
626
8572
8574
8575
8576
8577
8578
8579
8580
8581
8583
8584
627
8585
8587
628
8589
8591
8592
8593
8596
8600
629
8601
8602
8603
8606
8607
8609
8610
630
8612
8613
8614
8615
8619
8620
8621
8623
8624
8625
8626
8627
8628
8630
8632
8633
8636
8637
8640
8641
8642
8644
8645
8647
8650
8651
8654
8655
631
632
8657
8661
633
8663
8664
8665
8666
8669
8673
8675
8676
8678
8679
8681
634
8685
8687
8690
8691
8692
8693
8694
8695
8697
8698
8700
8702
8710
8711
8712
8713
635
8718
8724
8726
8728
8729
636
637
638
639
8738
8740
8741
8742
8746
8748
8749
8750
8752
8753
8754
8756
8757
8758
8759
8760
640
8761
8762
8763
8764
8766
8767
8768
8769
8771
8773
641
8775
8776
642
8777
8778
8779
8783
8785
8787
8789
8790
8791
8792
643
8793
8795
8796
8802
8803
8804
8805
8806
8807
8808
8809
8810
8812
644
8817
8818
8819
8822
8823
8824
8825
8827
8828
8829
645
646
8834
647
8835
8836
8837
8838
8842
8843
8844
8845
8846
8847
8848
8849
648
649
8851
8852
8853
8855
8856
8858
8859
8860
8861
8862
8863
8866
8871
8872
8874
8876
8879
8881
8882
8886
8888
650
8889
8890
8891
651
8895
8896
8897
652
8900
653
8902
8903
8906
8907
8908
8910
8911
8914
8915
8916
8917
8918
8919
8923
8924
654
8926
8928
655
656
8931
8932
8933
8934
8936
657
8938
8939
658
8940
8941
659
8942
8943
8944
660
8946
661
662
8950
8952
663
8961
8962
664
8963
8964
8967
8971
8973
665
8975
8977
8979
8980
8981
8982
666
667
8983
8984
668
669
8985
8986
8987
8988
8992
8993
8994
8995
8996
670
8997
8998
8999
9000
671
672
673
9001
674
9002
9003
9004
9005
9006
9007
675
9009
9010
9014
9015
9016
9017
9018
9019
9026
9031
9032
9033
9034
9035
9036
9037
9039
9040
676
677
9046
9047
9050
9054
9055
9059
9060
9061
9062
9063
9067
9068
678
9073
679
9074
9076
9077
9078
9079
9081
9082
9083
9086
9088
9090
9091
9092
9093
9095
9096
9100
9101
9103
9104
9105
9106
9107
9108
9113
9115
9117
9118
680
9122
9123
9125
9126
9129
9131
9133
681
9135
9138
9141
9142
9144
9145
9146
9147
9148
682
9150
683
9154
9155
684
9158
685
9160
9161
9162
9163
9165
9168
9170
9171
686
9173
9174
9176
9177
9180
9182
9183
9184
9185
9188
9189
9191
9192
9196
9197
9199
9200
9201
9203
9204
9205
9207
9209
687
9210
9211
9212
9213
9214
9215
9217
9218
9220
9222
9226
9227
688
9228
9229
9230
9233
9234
9235
9236
9237
9238
9240
9242
9243
9245
9247
9248
9249
9250
9253
9254
9255
9256
9258
9259
9261
689
690
9265
9266
691
9270
9273
9274
9275
9276
9277
692
9278
693
9283
9286
694
9287
695
9288
9289
9290
9291
696
9293
697
9294
698
9295
9296
9301
9302
9304
9307
9308
9312
9313
9314
9315
9316
699
9322
9323
9324
9325
9326
9328
9329
9330
9331
9332
9333
9334
9336
9337
700
701
702
9344
9346
9347
9348
9349
9351
9352
703
704
9353
9354
9355
9356
9357
9359
9360
9361
705
9365
9366
9367
9368
9373
9374
9375
9376
9377
706
9381
9385
9386
9387
9389
9390
707
9392
9393
9396
9397
708
9398
9399
9400
9401
9402
9403
9407
9409
9410
9414
9419
709
710
9421
9422
9423
9427
9428
9429
9430
9431
9433
9435
9436
9437
9438
9439
9440
9442
9443
711
9446
9447
9449
9451
9453
9454
9455
9456
9457
712
9460
9461
9462
9463
9466
9467
713
9470
9473
9474
9475
9477
9479
714
715
716
717
9487
9488
718
9493
9494
9495
9496
9497
9499
9500
719
9503
720
9504
9505
9506
721
9507
9508
9509
9511
9515
9516
9517
9519
9520
9521
9523
722
9527
9528
9529
9531
9533
9534
9535
723
9540
9541
9544
9545
724
9546
9547
9548
9549
9550
9551
725
9554
9556
9563
9566
9567
726
9568
9569
727
9574
9575
9576
9577
9578
9579
9580
728
9583
9584
9587
9588
9589
729
9593
9596
9599
9600
9602
9603
9604
9605
9606
9607
9611
9612
9613
730
9614
9615
9617
9618
731
9621
9622
9629
9630
9632
9633
9634
9635
9636
9637
9638
9639
732
733
9646
734
9647
9649
9650
9651
9654
9655
735
9658
9659
9660
9661
9662
9663
736
9664
9666
737
9668
9672
9673
9674
9675
9676
9677
9678
9679
9681
9682
9683
9684
9686
9687
9688
9691
9692
9698
9701
738
9702
9705
9706
9707
9708
739
9709
9711
9712
9713
9714
9716
9719
9722
740
9723
9725
9727
9728
9729
741
9733
9736
9738
9739
9741
9743
9745
9747
9749
9750
9753
9755
9757
9758
742
9759
9760
743
9768
744
745
9769
9774
9775
9776
9781
9785
9786
9788
9789
9790
9793
9795
9796
746
9798
9800
9801
9803
9804
9809
9810
9818
747
9820
9821
9822
9823
9825
9826
748
9827
9828
9829
9831
9834
9835
9836
9837
9838
9840
9841
9845
9847
9852
9855
749
750
9858
9863
9864
9866
9870
751
9873
9874
9875
9876
9877
752
9880
9881
9882
9883
753
9885
9886
9887
754
9888
9891
9896
9897
9898
9899
755
9902
9903
9904
9907
9908
9909
9910
9911
9913
9916
756
9917
9918
9919
9920
9921
9923
9926
9928
9931
9932
9933
9934
9935
9937
9939
9940
9945
9946
9947
9948
9949
9953
9954
9955
9957
9959
9962
9963
9966
9968
9969
9970
9972
9975
9976
9977
9979
9980
9981
757
9982
9983
9986
758
9993
9994
9995
9996
9997
9999
759
10002
10003
10004
760
10008
10009
10010
10011
10012
10014
10015
761
10016
10017
10018
10020
10022
10023
10024
10029
10032
10034
10035
10036
10037
10038
762
10039
10042
10043
10044
10046
10048
10051
763
10056
10061
10062
10063
10070
10071
10072
10073
764
10076
10079
10083
10084
10090
10092
10093
10094
10095
10097
10101
10103
10104
10108
10110
10111
10112
765
10114
10117
10119
10120
10121
10122
10123
10125
10127
10128
10129
10130
10131
10132
10133
10134
10135
10136
10138
10140
10141
10143
10145
10146
10149
10154
10155
10156
766
10157
10159
10160
10161
10162
10163
10164
10167
10168
10169
10170
10171
10173
10177
10179
10180
10181
10183
10184
10185
10186
767
10189
10191
768
10192
769
10193
10194
10195
10196
10198
770
10200
10203
10204
10205
10207
10208
10209
10210
10211
10212
10216
10217
10218
10219
10220
10221
10222
771
10226
10229
10230
772
10237
10238
10239
10240
10241
10242
10243
10244
10248
10249
10251
10254
10255
773
10258
10259
10261
10263
774
10265
10266
10267
10268
10269
10270
10271
10272
10274
10275
775
10276
10277
10278
10279
10280
10281
10282
10283
10285
10287
10288
10289
10290
10291
10293
776
10296
777
10297
10298
778
10301
10302
10303
10304
10306
10307
10308
10310
10311
10312
10313
779
10314
780
10318
10320
10323
10324
10325
10326
781
10327
10330
10334
782
10335
783
10337
10338
784
10341
10342
10348
10349
10354
10355
10356
10361
10362
10365
10366
10367
10369
10370
10371
785
10372
10373
10375
10376
10377
10378
10382
10384
10388
10392
10394
10398
10399
10400
10401
10402
10403
10404
10405
10408
10409
10410
10412
10413
10415
10419
10420
10422
10423
10424
10426
10430
10431
10432
10433
10434
10436
10437
10438
786
10439
10440
10441
10443
10444
10446
10447
10448
10449
10452
10453
10455
10456
10457
10458
10459
10460
10461
10462
10464
10465
10466
10467
10470
10472
10474
10475
10476
10477
10478
10481
10483
10484
10485
787
10488
10490
10494
10495
10497
10500
10501
10502
10506
10507
10508
10509
10510
10511
10512
10513
10514
788
10515
10516
789
10517
10520
10522
790
791
10525
10526
10529
10530
10531
10532
10533
10534
10535
10536
10537
10538
792
10539
10541
10542
793
794
10543
10544
10547
10548
10549
10550
10553
10554
10555
10556
10557
10558
10559
10560
10564
10566
10567
10570
10571
10575
10576
10577
10579
10581
10582
10584
10585
10587
10591
10592
10593
10594
10595
10598
10599
10601
10602
10603
10605
10606
10608
10610
10613
10616
795
10617
10619
10620
10621
10622
10623
10625
796
10626
10627
10629
10631
10632
10633
10634
10635
10638
10640
10642
10646
10649
10650
797
10654
10656
10657
10660
10661
10662
10663
798
799
10667
10669
10672
10675
10677
10678
10680
10682
800
10686
10687
10689
10692
10694
10695
10697
10698
10699
10702
10703
10704
10706
10707
10708
10709
10710
10711
10712
10713
10715
10716
801
10717
10718
802
803
10719
10720
10721
10722
10723
10725
10726
804
805
806
10728
10731
10734
10736
10738
10739
10740
10741
10742
807
10743
10744
10745
10746
10747
808
10751
10753
10754
10757
10760
809
10764
10765
810
10772
10773
811
10775
812
10776
10777
10778
10780
10784
10793
10796
10797
813
10798
10800
10802
10805
10806
10808
10810
814
10811
10812
10813
10815
10817
815
10819
816
10821
10823
10824
10825
10826
10830
10831
10832
10840
10841
10844
10845
10846
10847
10848
10849
10850
10851
10853
10854
10855
10856
10857
10858
817
10859
10861
10862
818
10866
10867
10868
10871
10872
10874
10875
10877
10878
10879
10880
10881
10882
10883
10888
10889
10891
10892
10893
10894
10898
10899
10900
10901
10903
10905
819
10906
10907
10908
10909
10910
10912
10913
10914
10917
10918
10921
10927
10928
10929
10930
10931
10933
10934
10936
10938
10939
10940
10942
10944
10945
10946
10947
10951
10952
10953
10954
820
10955
10958
10959
821
822
10960
10962
10963
10967
10968
10969
10972
10974
10975
10976
10978
10979
10982
823
10983
10984
10985
10986
10988
10989
10993
10997
10999
11000
11003
11005
11007
11008
11010
824
825
11014
11015
11016
11017
11019
826
11021
11024
11027
11028
827
11031
11033
11035
11036
11038
11041
828
11042
11044
11045
11046
11047
11049
11050
829
11051
11052
830
11054
11057
11058
11062
11064
11065
11066
11067
11070
11074
11075
831
11076
11077
11079
11080
832
11081
11085
11086
833
11089
11092
11093
11097
11098
11100
834
11102
11103
11104
11105
11107
11108
11109
11110
835
11111
836
837
11114
11116
11117
838
11118
11120
11122
11123
11124
11128
11129
11132
11133
11134
11135
11140
11144
11146
11147
11149
11154
11157
11158
839
11160
11161
840
11162
11163
11167
11170
11171
11174
11175
841
11177
11179
842
11180
843
844
11182
11183
11185
11186
11187
11188
11190
11193
11194
11195
11198
845
11199
11202
11204
11205
11206
11207
846
11208
11209
11211
11212
11213
11214
11216
11218
11219
11220
11221
11223
11225
11226
11229
11230
11231
11233
11234
11235
11236
11237
11238
11240
11241
11246
847
11247
11248
11249
11250
11253
11254
11255
11256
11257
11258
11259
11260
848
11261
11263
11264
11265
11269
11270
11271
11273
11276
11278
11279
11280
11283
11284
11285
849
11287
11288
11289
11290
11292
11293
11294
11295
11296
11298
11300
11301
11302
11303
11304
11305
11307
11308
11309
11310
11311
11312
11313
11314
851
11317
11318
11319
11320
11321
11322
11325
11327
11328
11329
11330
11331
11333
852
11334
11335
11337
11345
11348
11350
11353
11355
11356
11357
11358
11359
11361
11363
11365
11366
11367
853
11368
854
11370
11371
11372
11380
11381
11383
11384
855
11387
11388
11391
11392
11396
856
11400
857
11402
11404
11405
11408
11411
11412
11415
11416
11417
11418
11419
858
11423
11424
11425
11433
11434
11435
11437
11439
11440
11442
11445
11446
859
11447
11449
11450
860
11452
11455
11457
11458
11459
11462
11464
11465
11466
11468
11469
861
11470
11472
11473
11477
11478
11479
11481
11482
11483
11485
11487
11488
11489
11490
11492
11493
11494
11495
11499
11501
11503
862
11507
11509
11511
11512
863
11514
11515
11518
11519
11520
11521
11522
11523
11524
864
11525
11526
865
11528
11530
11531
11532
11534
866
11535
11536
11537
11538
867
11541
11542
11544
11546
11548
11550
11553
11556
11559
11560
11561
11563
11565
11568
868
11570
11571
11572
11573
11574
11578
869
11584
11585
11586
11590
11594
11595
870
11597
871
11598
11600
872
11601
11604
873
11605
11608
874
875
11609
11611
11612
11613
11614
11615
11616
11617
11618
11619
11621
11622
11623
11625
11627
11628
876
11631
11637
11638
11639
11640
11641
11643
11644
11645
11647
11650
11652
11655
877
11659
11660
11661
11662
11663
11664
11665
11666
11671
11673
11676
11678
11679
878
11681
11683
11684
879
11690
11691
11692
11693
11694
880
11696
11697
11698
11699
11701
881
11706
11707
11708
11709
11710
11711
882
11713
11714
11715
11716
11717
11721
11722
11723
11726
883
884
11728
11729
11730
11733
885
11734
886
11735
11736
11737
11740
11741
11742
11743
11744
11745
11746
11747
11749
11750
11751
887
11753
888
11755
11757
11758
11759
11760
11761
11762
11763
11764
11765
11766
11767
11768
11769
11770
11771
11773
889
11778
11780
11781
11783
890
11784
11788
11791
11792
11796
11797
891
11798
11800
11801
11803
11804
11805
11806
11808
11809
11812
11813
11816
892
893
11817
11818
11819
11821
894
11823
895
11827
11829
896
11830
11831
897
11832
11834
11835
11836
11837
11838
11839
11840
11842
898
11845
11848
11851
11852
11854
11855
11857
11858
899
11861
11863
11864
11865
11869
11870
900
11872
11873
11876
11877
11879
11880
11881
11882
11886
11887
11889
11890
11892
11894
11897
11898
11899
11900
11901
11903
11908
11909
11910
11913
11914
11918
11919
11920
11921
11922
11926
11928
11934
11935
901
11936
902
11937
11938
11939
11940
11942
11943
11944
11945
11946
11948
11949
903
11953
11954
11958
11959
11960
11961
11962
11963
11964
11965
11966
11967
11968
11969
11971
904
11972
905
11973
11974
11975
11976
11977
906
11980
907
11982
11983
11984
11986
908
11988
11989
11990
11991
11993
11994
11995
11996
11998
12000
12001
12005
909
12008
12010
12011
12012
910
12014
12016
12017
12018
911
12019
12021
12025
12027
12028
12029
12030
912
12034
12035
12037
12038
913
12039
12040
12041
12044
12046
12047
12048
12050
12051
12052
12054
12056
12057
12058
12061
12062
12065
914
12067
915
12069
12071
12074
12075
12078
12079
12080
12084
12086
12093
12094
12095
12096
12097
12098
12099
12100
12102
12103
12104
12105
12106
12107
12108
12109
12110
12111
12112
12113
12115
12116
12117
12118
12119
12120
12121
12122
12123
12124
12125
12126
12128
12129
12131
12132
12133
12134
12135
12136
12138
12139
12140
12142
12145
12147
12148
12149
12151
12153
12155
12158
12159
12165
12168
12169
12172
12174
12175
12176
12177
12178
12179
12180
12181
12183
12189
12191
12193
12194
12196
12205
12207
12209
12215
12229
12231
12232
12238
12239
12241
12243
12247
12254
12258
12261
12262
12263
12264
12265
12266
12267
12268
12269
12270
12271
12274
12275
12276
12278
12282
12284
12285
12286
12287
12288
12291
12292
12293
12294
12295
916
12298
12300
12301
12305
12308
12310
917
12312
12313
12314
918
12321
919
920
12322
12323
12324
12325
921
12326
12327
12328
12329
12331
12333
12334
12335
12337
12338
12339
12340
12341
12342
12346
12350
12354
12359
12360
922
12361
12362
12368
12374
12375
12379
12381
12383
12386
12390
12392
12394
12396
12399
12400
12401
12402
12403
12404
12405
12406
12408
12409
12410
12411
12412
12413
12415
12417
12418
12419
12423
12424
12425
923
12426
12427
12428
12429
12430
12431
12432
12433
12435
12436
12438
12439
12441
12443
924
925
12449
12450
12451
12455
12456
12458
12460
12461
12463
12465
12467
12468
12469
12470
12471
12473
12474
12475
12476
12478
12479
12480
12481
12482
12483
12485
12486
12487
12488
12494
12495
926
12496
12499
12503
12504
12506
12507
12509
12510
12511
12512
12514
12516
12517
12520
12526
12528
12530
12536
12537
12538
12540
12541
12544
12547
12554
12555
12556
12557
12560
12564
12566
12567
12568
12570
12571
12574
12575
12576
12578
12579
12584
12585
12586
12589
12592
12595
12596
12598
12599
12603
12606
12608
12610
12612
12615
12618
12619
12620
12621
12623
12624
12625
12627
12629
12630
12632
927
12634
12636
928
12638
12639
12641
12642
12643
12644
12645
929
12647
12650
12651
12652
12653
12655
12660
12661
12663
12664
12665
12667
12671
12672
12674
12681
12684
12685
12686
12687
12689
12690
12692
12693
12695
12696
12697
12698
12699
12700
12702
12703
12704
12705
12706
12710
12711
12713
12714
12716
12717
12718
12719
12721
12723
12724
12727
12729
12731
12733
12735
12737
12738
12741
12742
12744
12745
12746
12747
12748
12749
12750
12751
12754
12755
12756
12757
930
12758
12759
12761
12762
12763
12764
12766
12768
12769
12770
12771
12772
12773
12777
12778
12779
12780
12781
12782
12783
12784
12786
12789
12791
12792
12798
12799
12800
12801
12802
12803
12804
12805
12806
12807
12808
12809
12810
12811
12812
12813
12818
12820
12821
12823
931
12825
12827
12828
12829
12830
12835
932
12836
12837
12838
12839
12840
12841
12842
12843
12844
933
934
12846
12847
12848
12849
12850
12851
12852
12853
12855
12856
12858
12859
12860
12861
12863
12865
12866
12867
12869
12871
12872
12873
12874
12875
12876
935
12880
12881
12882
12883
12884
12885
12886
12887
12888
12889
12890
12891
12892
12893
12894
12895
936
12896
12897
937
938
12898
12899
12900
12901
12902
12903
939
12904
940
12907
941
942
943
944
12916
12919
12921
12925
12926
12927
945
12928
12930
12931
12932
12933
12935
12936
12937
12939
12941
12942
12943
12944
12945
12946
12948
12951
12952
12953
12955
12957
12958
12959
12961
12962
12964
12967
12968
12969
12970
12974
12975
12977
12978
12979
12981
12982
12983
12988
12989
12990
12991
946
12992
12993
12994
12996
12997
12998
13000
13002
13003
13004
13005
13009
13010
13011
13015
13016
13017
13019
13020
13021
13022
13023
947
13024
13028
13029
13030
13031
13033
13034
13035
13037
13038
13042
13046
13047
13048
13050
13052
13053
13054
13055
13058
13059
13062
13067
948
13072
13073
13075
13077
13078
13079
13080
13082
13083
13084
13087
949
13090
13091
13092
13095
950
13097
13098
13099
13100
13101
13102
13103
13105
13106
13107
951
13108
13109
13110
13111
13113
13115
13116
13117
13118
13119
13120
13122
13124
13126
13127
13129
13132
952
953
954
13134
13135
13138
955
13139
13140
13142
13144
13145
13147
13149
13151
13152
13153
13154
13158
13163
13165
13170
13172
956
13178
13179
13180
13183
13184
13187
13188
13189
13192
13193
13194
13195
13196
13198
13199
13200
13201
13202
13206
13207
13208
13212
13213
13214
13215
13216
13217
13218
13219
13221
13223
957
13225
13229
13230
13232
13236
13239
13242
13245
13246
13248
13249
13254
13255
13256
13257
13258
13264
13266
13267
13268
13270
13271
958
13274
13276
13277
13278
13282
13287
13288
13289
13290
13291
13296
13297
13298
13300
13301
13302
13303
13305
13306
13307
13308
13309
13310
13311
13312
13313
13318
13321
13322
13325
13327
13328
13339
13340
13341
13342
13343
13347
13348
13349
13351
13352
13353
13354
13355
13357
13358
13359
13360
13364
13366
13367
13369
13370
13371
13372
13373
13375
13377
13378
13380
13381
13382
13383
13385
13387
13389
13390
13391
13393
13394
13395
13397
13398
13399
13401
13403
13405
13406
13410
13413
13417
13419
13420
13422
13423
13426
13427
13428
13429
13431
13432
13437
13439
13440
13441
13443
959
13447
13455
13458
13464
13467
13468
13470
13473
13474
13478
960
13484
13487
13491
13492
13493
13494
13495
13506
13511
13513
13515
13516
13517
13518
13519
13520
13521
13522
13523
13524
13525
13526
13528
13531
13532
13533
13534
13535
13537
13538
13544
13546
13548
13557
13558
13561
13562
13563
13564
13565
13570
13572
13573
13574
13575
13577
13579
13580
13581
13582
13583
13585
13586
13587
13591
13593
13594
13599
13605
13612
13617
13621
13629
13632
13634
13640
13642
13643
13644
13646
13648
13649
13652
961
13653
13656
13658
13659
13660
13661
13662
13663
13664
13669
13670
13672
13674
13679
13680
13681
13682
13683
13687
13688
13689
13690
13692
13693
13694
13695
13696
13697
13698
13699
13702
13703
13704
13706
13707
13709
13710
13711
13712
13713
13715
13716
13717
13721
13723
13725
13727
962
13728
13730
13732
13733
963
13735
13736
13737
13738
13739
13742
964
13746
13747
13748
13752
13756
13759
13760
13761
13762
13763
13767
13768
13769
13770
13771
13772
13773
13775
13777
13778
13779
13780
13781
13782
13783
965
13785
13786
13789
13790
13791
13793
13795
13799
13800
13801
13802
13804
13805
13806
13807
13808
13809
13810
13811
13812
13814
13816
13817
13820
13821
13822
13824
13825
13826
13827
13829
13833
13834
13835
13836
13837
966
13838
13839
13841
13842
13844
13845
13846
13847
13848
13849
13850
13851
13852
13853
13854
13855
13856
13857
13858
13859
13860
13861
13864
13865
13866
13867
13868
13870
13871
13872
13873
13874
13875
13876
13877
13878
13879
13880
13882
13883
13884
13885
13886
13887
13888
13889
13891
13892
13893
13894
13895
13896
13897
13898
13899
13900
13901
13902
13905
13906
13907
13908
13909
13910
13911
13912
13913
13915
13916
13917
13918
13919
13920
13921
13922
13923
13924
13927
13928
13929
13930
13931
13932
13933
13934
13935
13936
13937
13938
13939
13940
13941
13942
13943
13945
13949
13953
13954
13956
13957
13958
13962
13963
13964
13966
13969
13973
13974
13975
13976
13977
13978
13980
13982
13983
13986
13987
13989
13990
13991
13992
13993
13995
13996
13997
13998
13999
14003
14004
14005
14007
14009
14010
14011
967
14015
14016
14017
14018
14019
14020
14022
14024
14025
14026
14028
14029
14030
14032
14034
14035
14036
14038
14039
14041
14042
14043
14044
14045
14048
14049
14052
14053
14054
14057
14058
14060
14061
14063
14064
14065
14067
14068
14070
14071
14072
14074
14075
14076
14078
14080
14081
14082
968
14083
14086
14087
14089
969
14094
14095
14096
14099
14103
14109
14112
14113
14114
14115
14118
14120
14121
14125
14127
14128
14129
14130
14131
14132
14133
14134
14136
14138
14139
14141
14142
14145
14146
14147
14152
14156
14157
14159
14161
14162
14165
14166
14167
14170
14174
14178
14180
14181
14183
14184
14185
14186
14189
14192
14194
14195
14198
14201
14202
14206
14207
14208
14209
14210
14213
14214
14218
14221
14225
14226
14230
14232
14235
14243
14246
14247
970
14249
14250
14253
14254
14255
14256
14258
14266
14267
14268
14269
14270
14272
14274
971
14275
14276
14277
14278
14280
14281
14282
14283
972
14284
14286
14287
14289
973
14291
14292
14293
14294
14296
14298
14300
14302
14303
14307
14308
14310
14312
14313
14314
14316
14317
14319
974
14320
14323
14324
14326
14328
14329
14330
14331
14332
14334
14335
14336
14338
14339
14344
14348
975
14350
14351
14353
14357
14359
14360
14367
14368
14370
14372
14374
14375
14376
14377
14378
14379
14384
14386
14387
14388
14389
14390
976
14392
14395
14396
14397
14398
14400
14401
14402
14403
14404
14406
14407
14408
14409
14411
977
978
14416
14418
14421
14422
14423
14424
14425
14426
14427
14428
14430
14431
14432
14433
14434
14435
14436
14437
14438
14439
14440
14442
14443
14444
14445
14446
14449
14452
14453
14457
979
14461
980
14465
14466
14467
14471
14474
14479
14480
14482
14483
14485
14493
14498
14499
14500
14501
14503
14504
14505
14506
14507
14508
14509
14512
14514
14517
14520
14522
14525
14526
14527
14528
14530
14532
14533
14535
14536
14538
14541
14544
14546
14550
14554
14561
14562
14565
14578
14586
14598
14599
14600
14601
14605
14609
14612
14613
14615
14619
14621
14622
14623
14627
14630
14631
14633
14635
14636
14637
14640
14641
14642
14643
14644
14645
14646
14648
14652
14653
14654
14659
14660
14667
14669
14671
14673
14675
14676
14679
14683
14684
14685
14686
14688
14690
14693
14696
14697
14698
14699
14700
14701
14702
14703
14704
14706
14710
14712
14716
14717
14718
14719
14722
14723
14725
14727
14728
14729
14730
14733
14734
14735
14736
14737
14739
14741
14742
14743
14744
14745
14749
14750
14754
14756
14760
14763
14764
14766
14768
14769
14773
14779
14780
14785
14786
14787
14788
14789
14791
14793
14794
14795
14797
14799
14803
14807
14810
14812
14813
14815
14817
14822
14824
14826
14827
14829
14833
14834
14838
14841
14843
14854
14861
14862
14871
14872
14874
14875
14879
14883
14884
14885
14887
14888
14889
14897
14900
14904
14907
14912
14913
14920
14921
14922
14926
14927
14932
14936
14939
14942
14944
14947
14948
14949
14950
14956
14957
14958
14961
14962
14963
14967
14972
14973
14977
14978
14982
14983
981
14984
14985
14986
14987
14992
14993
14994
14996
14997
14999
15000
15002
15003
15005
15008
15009
15011
15014
15016
15017
15020
15025
15027
15028
15032
15033
15035
15037
15040
15043
15047
15048
15049
15051
15052
15067
15080
15081
15082
15084
15086
15087
15089
15090
15091
15092
15096
15098
15099
15104
15106
15112
15115
15116
15118
15120
15125
15126
15127
15129
15130
15131
15133
15135
15138
15140
15141
15145
15146
15147
15148
15152
15155
15157
15158
15159
15162
15163
15165
15168
15178
15184
15185
15186
15187
15188
15189
15190
15192
15193
15194
15198
15201
15205
15206
15207
15208
15210
15211
15214
15216
15217
15221
15222
15223
15225
15226
15228
15229
15230
15231
15234
15237
15239
15242
15249
15253
15255
15256
15258
15259
15260
15261
15263
15268
15269
15274
15276
15279
15282
15291
15300
15310
15318
15319
15322
15323
15325
15326
15328
15329
15337
15339
15340
15341
15357
15359
15360
15361
15362
15363
15364
15366
15369
15372
15385
15386
15389
15391
15393
15396
15402
15413
15415
15418
15422
15424
15427
15429
15435
15440
15441
15442
15449
15451
15453
15454
15458
15459
15461
15463
15465
15467
15468
15471
15475
15477
15478
15485
15487
15495
15496
15497
15499
15508
15512
15525
15538
15539
15540
15544
15553
15554
15556
15557
15559
15561
15562
15563
15564
15568
15569
15571
15575
15576
15580
15582
15583
15585
15590
15591
15592
15595
15596
15597
15598
15600
15601
15607
15608
15616
15618
15619
15620
15621
15627
15631
15636
15642
15643
15656
15663
15667
15671
15672
15677
15678
15685
15686
15691
15695
15698
15701
15702
15704
15707
15708
15713
15719
15722
15723
15724
15726
15728
15730
15733
15734
15735
15736
15737
15738
15739
15740
15741
15742
15743
15745
15746
15748
982
15753
15755
15760
15763
15765
15766
15773
15777
15780
15782
15784
15791
15792
15793
15796
15799
15803
15804
15815
15818
15820
15821
15825
15830
15839
15842
15845
15846
15847
15849
15854
15855
15858
15859
15863
15866
15868
15873
15877
15881
15883
15885
15888
15890
15896
15897
15899
15900
15901
15905
15909
15910
15916
15917
15928
15930
15935
15938
15939
15940
15947
15952
15954
15955
15957
15958
15961
15962
15963
15965
15975
15976
15977
15978
15980
15993
15994
15999
16000
16007
16010
16011
16012
16014
16018
16019
16020
16021
16023
16024
16027
16030
16031
16032
16035
16036
16044
16045
16055
16057
16060
16062
16067
16072
16076
16077
16078
16087
16088
16090
16095
16098
16101
16108
16109
16110
16112
16113
16116
16117
16119
16123
16124
16125
16132
16133
16135
16137
16145
16149
16156
16157
16159
16160
16162
16163
16165
16166
16168
16171
16172
16174
16175
16179
16181
16185
16188
16190
16193
16194
16195
16203
16208
16209
16214
16215
16216
16217
16230
16231
16233
16235
16241
16243
16252
16257
16259
16260
16267
16272
16274
16275
16278
16280
16287
16290
16296
16297
16300
16304
16305
16306
16307
16308
16312
16318
16323
16328
16329
16330
16331
16333
16334
16335
16338
16344
16350
16351
16357
16358
16359
16363
16364
16365
16373
16376
16379
16380
16389
16391
16392
16395
16396
16400
16404
16405
16406
16407
16408
16409
16413
16416
16421
16430
16432
16434
16437
16439
16440
16441
16442
16448
16451
16452
16453
16460
16463
16471
16472
16475
16476
16479
16490
16492
16493
16494
16497
16510
16514
16519
16520
16524
16525
16528
16529
16533
16538
16542
16545
16546
16556
16558
16561
16563
16567
16568
16571
16576
16584
16592
16600
16601
16603
16604
16607
16608
16609
16615
16619
16621
16626
16632
16634
16635
16638
16642
16646
16651
16664
16665
16667
16669
16670
16671
16675
16676
16681
16684
16685
16686
16688
16696
16705
16709
16710
16711
16720
16721
16724
16729
16742
16743
16745
16746
16751
16752
16755
16756
983
16760
16765
16767
16770
16774
16775
16778
16779
16780
16789
16792
16794
16798
16802
16804
16805
16806
16807
16815
16816
16818
16820
16827
16828
16832
16833
16840
16844
16848
16849
16851
16853
16856
16859
16860
16863
16864
16865
16866
16870
16880
16888
16889
16893
16894
16895
16896
16897
16900
16902
16905
16907
16909
16913
16915
16917
16920
16922
16923
16926
16931
16932
16935
16943
16946
16955
16963
16972
16977
16978
16980
16982
16985
16987
16988
16990
16992
16996
16997
17003
17004
17008
17009
17013
17018
17019
17022
17023
17025
17028
17032
17036
17037
17041
17044
17047
17052
17053
17054
17055
17067
17068
17072
17078
17096
17102
17109
17122
17125
17126
17129
17133
17136
17141
17143
17148
17150
17156
17159
17161
17170
17171
17173
17174
17180
17182
17184
17186
17193
17195
17198
17201
17203
17207
17208
17218
17223
17225
17226
17232
17243
17246
17263
17264
17268
17269
17270
17279
17283
17284
17287
17289
17290
17295
17301
17305
17312
17313
17314
17316
17320
17321
17324
17325
17327
17328
17329
17331
17332
17334
17341
17344
17345
17353
17354
17355
17356
17357
17360
17361
17363
17365
17366
17368
17369
17370
17371
17374
17375
17376
17377
17378
17379
17381
17382
17384
17385
17388
17389
17390
17391
17392
17394
17395
17397
17399
17400
17402
17403
17404
17407
17408
17409
17410
17411
17415
17416
17417
17418
17419
17420
17421
17422
17423
17424
17425
17426
17427
17428
17429
17430
17431
17432
17434
17435
17437
17438
17439
17440
17441
17442
17444
17445
17446
17447
17450
17455
17457
17459
17462
17463
17464
17465
17466
17467
17470
17471
17472
17473
17474
17475
17478
17479
17480
17481
17483
17485
17486
17497
17501
17507
17508
17513
17514
17518
17519
17523
17524
17525
17527
17531
17532
17533
17535
17536
17537
17538
17541
17544
17549
17554
17555
17566
17575
17580
17581
17582
17583
17584
17585
17586
17589
17593
17594
17599
17601
17603
17606
17609
17610
17611
17613
17614
17616
17618
17620
17621
17625
17626
17627
17628
17630
17633
17634
17636
17640
17641
17642
17645
17648
17649
17650
17651
17652
17656
17658
17659
17661
17663
17665
17666
17667
17669
17670
17672
17674
17675
17676
17677
17678
17679
17681
17687
17691
17693
17694
17695
17696
17699
17703
17704
17707
17726
17736
17737
17738
17740
17741
17742
17744
17745
17748
17749
17750
17751
17752
17753
17754
17755
17757
17758
17759
17760
17763
17777
17778
17779
17780
17785
17786
17789
17790
17795
17797
17798
17799
17801
17802
17804
17807
17808
17809
17811
17813
17814
17818
17819
17821
17826
17827
17828
17829
17830
17832
17833
17835
17836
17841
17850
17854
17856
17857
17860
17861
17862
17865
17867
17868
17870
17871
17872
17873
17874
17875
17876
17877
17878
17879
17881
17883
17884
17885
17886
17887
17888
17889
17891
17892
17893
17894
17895
17896
17897
17900
17901
17903
17904
17905
17906
17910
17912
17915
17917
17920
17929
17933
17934
17940
17944
17949
17951
17953
17954
17955
17961
17962
17963
17964
17965
17968
17969
17970
17973
17974
17975
17976
17978
17979
17980
17981
17985
17986
17987
17988
17990
17991
17994
17995
17998
17999
18000
18002
18005
18006
18007
18014
18015
18020
18022
18023
18027
18032
18035
18036
18037
18038
18039
18040
18041
18042
18043
18045
18047
18050
18051
984
18052
18053
18055
18059
18064
18065
18071
18073
18075
18077
18078
18080
18081
18082
18084
18085
18086
18087
18091
18092
18095
18099
18100
18102
18103
18104
18105
18106
18107
18108
18110
18111
18113
18114
18117
18118
18120
18121
18122
18124
18125
18127
18128
18129
18130
18131
18134
18135
18137
18139
18140
18144
18150
18151
18152
18154
18155
18156
18158
18159
18160
18162
18164
18165
18166
18174
18175
18181
18182
18187
18188
18191
18192
18218
985
18219
18220
18222
18226
18229
18230
18231
18232
18234
18235
18236
18237
18240
18241
18243
18244
18246
18248
18249
18250
18252
18253
18254
18256
18259
18260
18262
18263
18264
18265
18267
18270
18272
18273
18274
18277
18278
18282
18283
18284
18286
18287
18288
18289
18290
18293
18296
18297
18299
18300
18302
18303
18309
18310
18311
18312
18316
18317
18318
18319
18320
18321
18322
18324
18335
18338
18339
18340
18341
18344
18345
18346
18347
18348
18349
18351
18356
18357
18362
18364
18368
18370
18371
18372
18373
18374
18377
18381
18386
18394
18399
18401
18404
18405
18407
18409
18411
18412
18413
18414
18416
18417
18418
18420
18425
18426
18432
18435
18436
18437
18439
18454
18455
18456
18457
18458
18459
18460
18461
18464
18465
18466
18468
18469
18472
18473
18474
18475
18476
18479
18482
18483
18486
18491
18492
18493
18495
18499
18500
18501
18502
18504
18505
18507
18508
18509
18510
18511
18512
18514
18519
18520
18521
18522
18523
18524
18525
18527
18528
18529
18530
18531
18535
18536
18537
18538
18542
18544
18545
18546
986
18548
18549
18551
18552
18553
18554
18555
18558
18559
18561
18562
18563
18565
18566
18567
18568
18570
18571
18572
18574
18577
18582
18585
18586
18587
18588
18589
18590
18593
18595
18597
18598
18599
18600
18601
18602
18603
18604
18605
18606
18607
18609
18610
18613
18615
18616
18618
18619
18622
18623
18624
18625
18627
18628
18629
18630
18631
18632
18633
18634
18635
18636
18643
18644
18645
18646
18648
18649
18650
18653
18654
18658
18659
18663
18669
18671
18672
18674
18676
18677
18681
18682
18683
18684
18692
18693
18696
18697
18699
18703
18706
18708
18709
18710
18715
18717
18727
18735
18737
18740
18742
18743
18747
18750
18752
18753
18756
18765
18766
18767
18771
18775
18778
18779
18787
18792
18793
18794
18796
18803
987
18806
18807
18809
18812
18813
18816
18819
18820
18827
18828
18833
18836
18837
18839
18840
18845
18846
18847
18848
18852
18853
18854
18858
18859
18860
18861
18863
18864
18865
18866
18868
18869
18870
18871
18874
18875
18876
18877
18878
18879
18880
18881
18882
18883
18884
18885
18896
18897
18899
18901
18911
18913
18917
18919
18922
18924
18925
18926
18932
18935
18938
18939
18940
18944
18948
18950
18953
18954
18956
18957
18959
18960
18961
18964
18965
18966
18968
18973
18990
18991
18992
18995
18997
18999
19000
19007
19023
19024
19027
19032
19038
19040
19042
19044
19045
19046
19050
19063
19067
19080
19081
19084
19086
19088
19089
19090
19091
19093
19094
19097
19098
19099
19103
19104
19107
19111
988
19114
19115
19116
19118
19121
19122
19126
19127
19130
19131
19132
19134
19135
19137
19139
19140
19143
19144
19145
19147
19148
19149
19150
19152
19153
19154
19155
19156
19157
19160
19161
19162
19164
19165
19166
19167
19168
19169
19170
19171
19173
19175
19176
19179
19182
19185
19186
19189
19190
19191
19193
19195
19197
19200
19203
19204
19205
19207
19208
19209
19211
19212
19214
19223
19224
19225
19228
19229
19230
19231
19232
19233
19236
19237
19238
19239
19240
19242
19243
19244
19246
19248
19249
19250
19254
19262
19264
19267
19268
19269
19270
19271
19272
19274
19275
19276
19277
19280
19281
19285
19286
19287
19294
19299
19300
19302
19303
19305
19306
19307
19310
19312
19314
19315
19316
19317
19320
19321
19326
19327
19328
19330
19331
19334
19335
19340
19341
19342
19343
19346
19347
19349
19352
19353
19354
19355
19357
19358
19359
19360
19361
19362
19364
19366
19370
19373
19374
19375
19376
19377
19379
19381
19383
19384
19387
19389
19391
19392
19395
19396
19398
19412
19413
19414
19415
19417
19424
19427
19429
19431
19433
19444
19445
19446
19447
19450
19451
19452
19456
19457
19458
19460
19461
19462
19463
19466
19467
19469
19471
19481
19482
19483
19487
19488
19491
19493
19494
19495
19496
19500
19502
19504
19505
19506
19507
19508
19511
19512
19513
19516
19518
19519
19521
19523
19524
19526
19527
19528
19529
19530
19531
19532
19534
19535
19536
19537
19538
19540
19542
19548
19549
19551
19552
19553
19556
19557
19558
19559
19560
19561
19563
19565
19566
19567
19573
19576
19577
19578
19585
19587
19588
19592
19593
19594
19597
19598
19600
19602
19607
19616
19617
19618
19621
19623
19624
19625
19626
19628
19632
19634
19637
19638
19639
19640
19642
19643
19644
19645
19648
19650
19651
19652
19653
19654
19658
19659
19665
19666
19673
19677
19678
19679
19680
19682
19683
19685
19686
19687
19688
19689
19691
19692
19693
19694
19697
19698
19699
19700
19702
19703
19704
19706
19707
19708
19709
19715
19717
19719
19720
19724
19727
19728
19730
19731
19732
19734
19738
19742
19743
19744
19747
19748
19751
19755
19756
19766
19767
19768
19769
19773
19774
19777
19779
19780
19783
19784
19787
19792
19802
19805
19807
19808
19811
19812
19815
19823
19827
19829
19841
19843
19845
19847
19848
19849
19850
19851
19855
19862
19868
19871
19872
19873
19874
19875
19876
19877
19881
19882
19883
19884
19889
19892
19897
19899
19904
19905
19906
19907
19912
19915
19917
19918
19919
19920
19924
19926
19927
19928
19932
19934
19936
19937
19938
19939
19940
19943
19945
19948
19953
19955
19956
19957
19962
19963
19966
19967
19974
19977
19978
19979
19980
19981
19982
19983
19984
19985
19986
19988
19995
19998
20000
20002
20007
20008
20009
20011
20018
20020
20028
989
20029
20030
20033
20034
20035
20038
20039
20041
20046
20051
20052
20053
20054
20056
20058
20059
20062
20063
20064
20065
20066
20067
20070
20071
20072
20073
20075
20077
20079
20080
20083
20090
20091
20093
20095
20096
20101
20102
20106
20107
20109
20111
20112
20113
20117
20119
20120
20124
20125
20126
20127
20131
20132
20135
20136
20137
20138
20149
20150
20152
20154
20156
20157
20158
20162
20163
20164
20171
20172
20174
20180
20181
20183
20187
20194
20196
20201
20202
20204
20207
20208
20216
20218
20220
20223
20224
20225
20227
20228
20229
20230
20231
20232
20233
20234
20235
20237
20239
20240
20241
20242
20245
20248
20249
20257
20259
20260
20266
20271
20274
20275
20276
20278
20280
20287
20289
20290
20291
20292
20293
20295
20296
20297
20298
20299
20300
20304
20305
20306
20309
20312
20314
20320
20321
20326
20327
20328
20334
20335
20336
20337
20339
20342
20344
20346
20356
20357
20358
20364
20365
20366
20367
20369
20371
20372
20373
20374
20375
20376
20377
20382
20383
20385
20388
20390
20394
20395
20399
20401
20403
20406
20407
20408
20409
20414
20415
20416
20417
20418
20419
20422
20423
20424
20425
20426
20427
20429
20431
20433
20434
20436
20446
20450
20453
20455
20458
20461
20465
20466
20469
990
20479
20480
20481
20483
20484
20486
20488
20489
20493
20497
20500
20501
20502
20503
20506
20507
20508
20512
20513
20514
20519
20520
20523
20524
20525
20526
20527
20528
20531
20532
20534
20536
20537
20538
20542
20546
20550
20551
20554
20557
20558
20560
20561
20562
20563
20565
20566
20570
20571
20574
20576
20577
20580
20583
20585
20586
20589
20591
20594
20597
20598
20599
20600
20602
20603
20604
20605
20606
20609
20611
20612
20614
20615
20617
20621
20622
20625
20626
20627
20629
20630
20632
20634
20636
20637
20638
20639
20643
20647
20649
20650
20651
20652
20659
20660
20662
20664
20668
20669
20670
20671
20672
20673
20674
20675
20676
20677
20678
20680
20687
20688
20690
20692
20695
20696
20697
20698
20700
20701
20702
20703
20704
20709
20710
20712
20713
20714
20715
20718
20719
20720
20721
20722
20723
20724
20725
20727
20728
20732
20733
20735
20736
20740
20741
20742
20746
20750
20757
20762
20763
20764
20765
20771
20772
20775
20776
20785
20791
20794
20795
20796
20797
20798
20799
20800
20801
20802
20805
20806
20808
20814
20816
20817
20820
20822
20827
20831
20832
20833
20838
20839
20841
20844
20845
20847
20848
20851
20855
20856
20858
20859
20860
20861
20862
20863
20867
20868
20869
20871
20874
20878
20881
20884
20885
20888
20889
20890
20892
20894
20898
20903
20905
20906
20908
20910
20911
20912
20914
20916
20919
20921
20925
20927
20928
20929
20934
20935
20944
20945
20946
20948
20949
20950
20951
20954
20955
20957
20958
20963
20964
20967
20971
20976
20987
20988
20989
20990
20993
20996
20997
21006
21009
21010
21015
21017
21020
21022
21025
21032
21033
991
21034
21035
21038
21042
21044
21045
21046
21047
21049
21050
21051
992
21052
21053
21054
21055
21056
21057
21059
21060
21061
21062
21063
21064
21065
21069
21070
21071
21072
21073
21074
21075
21078
21082
21084
21089
21090
21092
21093
21094
21098
21100
21106
21107
21118
21119
21121
21125
21127
21128
21130
21131
21134
21139
21142
21144
21151
21152
21153
21154
21155
21157
21159
21162
21164
21165
993
21171
21174
21175
994
21176
21178
21183
21184
995
21189
21192
21193
996
21199
21200
21201
997
21202
21203
21205
21220
21222
21225
21230
21233
21239
21253
21258
21269
21270
21272
21280
21282
21283
21285
21287
21288
21298
21304
21306
21308
21312
21313
21314
21316
21317
21318
21319
21320
21322
21328
21337
21338
21340
21344
21346
21350
21353
21357
21358
21359
21362
21364
998
21370
21374
21376
21377
21378
21382
21386
21388
21389
21397
21398
21402
21407
21408
21411
21414
21415
21419
21425
21428
21429
21431
21432
21433
21438
21441
21451
21459
21464
21467
21469
21476
21479
21484
21485
21486
21489
21494
21495
21497
21501
21502
21507
21511
21515
21516
21517
21519
21522
21524
21528
21529
21532
21533
21534
21537
21541
21545
21547
21548
21549
21550
21554
21560
21563
21569
21573
21576
21578
21579
21580
21581
21585
21589
21590
21591
21598
21601
21604
21606
21611
21615
21618
21620
21623
21625
21627
21635
21637
21638
21641
21644
21645
21648
21649
21650
21659
21661
21662
21663
21665
21666
21668
21669
21672
21673
21675
21678
21679
21680
21686
21688
21689
21690
21692
21702
21711
21712
21713
21716
21717
21721
21722
21723
21724
21727
21728
21729
21734
21739
21740
21741
21743
21744
21747
21748
21749
21754
21757
21758
21760
21761
21762
21763
21765
21772
21773
21774
21777
21778
21781
21782
21784
21786
21791
21792
21795
21796
21800
21801
21803
21804
21806
21811
21815
21816
999
21817
21818
21822
21825
21826
21827
21828
21829
21830
21831
21833
21835
21837
21838
21840
21841
