1
3
4
5
6
7
8
9
10
11
13
14
15
16
17
18
19
20
21
23
24
26
27
28
29
30
31
32
33
34
37
38
41
43
44
45
46
47
48
49
50
51
53
55
56
57
58
60
61
62
63
64
65
66
67
68
69
70
71
72
73
74
75
76
77
78
79
80
81
82
83
84
85
86
89
90
91
93
94
95
96
97
99
100
101
102
103
105
107
108
109
110
111
112
113
114
115
116
117
118
119
120
121
122
123
124
125
126
127
128
129
130
131
132
133
134
135
137
138
140
141
142
143
144
146
147
148
149
151
152
153
154
156
157
158
159
161
162
164
165
166
167
168
169
170
171
172
173
175
176
179
180
181
182
184
188
192
193
195
196
197
199
200
203
206
209
210
211
212
213
214
215
216
217
218
219
220
221
222
223
224
225
226
227
230
231
235
249
250
251
252
253
254
289
292
295
301
306
307
312
313
315
317
320
324
325
326
327
332
341
343
347
352
353
354
356
359
360
366
367
368
369
370
377
379
380
382
383
384
385
386
392
395
398
402
405
408
410
411
413
415
416
418
422
423
424
430
431
440
441
451
452
455
456
457
460
461
464
465
466
468
469
470
471
472
473
474
475
477
479
482
486
489
490
491
492
493
496
499
500
502
503
505
510
511
512
513
514
515
516
520
523
524
525
526
527
528
529
530
533
536
538
539
540
541
542
543
544
545
546
547
548
549
550
552
553
554
555
556
557
558
559
560
561
562
563
564
566
567
568
569
570
571
572
573
574
575
576
577
578
580
581
583
584
585
586
587
588
589
590
591
592
595
596
598
601
602
603
604
605
607
608
609
610
611
612
613
614
615
616
618
619
620
621
623
624
628
629
630
631
632
634
635
636
637
638
639
640
641
643
644
645
646
647
648
649
650
651
653
654
655
656
657
658
659
660
661
663
664
665
666
667
668
669
670
671
672
673
674
675
677
678
679
680
681
682
683
684
685
686
687
688
689
691
692
693
694
695
696
697
698
700
701
702
703
704
705
706
707
708
710
711
713
714
715
716
717
718
719
720
721
722
723
727
728
730
732
733
734
736
737
738
739
740
741
742
743
744
745
746
747
748
749
751
752
753
755
757
758
759
761
762
763
764
765
766
767
768
769
770
773
774
775
776
777
778
780
781
782
783
784
785
786
787
789
790
791
792
794
796
798
799
801
804
805
807
808
809
810
811
812
813
816
817
818
822
823
824
825
826
827
828
829
830
831
832
833
834
835
836
838
839
840
841
842
843
845
846
847
848
849
850
851
852
853
854
855
856
857
858
861
862
863
864
865
866
867
868
869
870
871
872
873
874
875
876
877
878
879
880
881
882
883
884
885
886
887
888
889
891
892
894
895
896
897
899
900
901
903
904
905
908
909
910
912
913
916
919
920
922
925
931
932
933
934
935
936
939
941
944
945
946
947
949
950
951
952
953
954
955
958
960
961
963
964
968
969
970
971
976
979
983
986
990
991
992
993
994
995
996
997
998
999
1000
1001
1002
1003
1004
1005
1006
1007
1008
1009
1010
1011
1012
1013
1014
1015
1016
1017
1019
1022
1024
1025
1027
1029
1030
1031
1032
1035
1036
1037
1038
1039
1040
1041
1043
1044
1045
1046
1047
1048
1050
1051
1052
1055
1056
1063
1064
1065
1067
1069
1070
1071
1072
1075
1076
1078
1079
1080
1081
1083
1084
1085
1086
1087
1088
1089
1092
1093
1094
1095
1097
1099
1106
1121
1140
1141
1143
1144
1145
1147
1148
1149
1150
1151
1152
1155
1157
1159
1160
1161
1164
1165
1166
1167
1168
1169
1170
1171
1172
1173
1178
1179
1180
1181
1182
1184
1187
1190
1191
1193
1195
1196
1197
1199
1200
1201
1202
1203
1204
1205
1207
1208
1209
1211
1214
1215
1216
1217
1218
1219
1220
1221
1222
1223
1224
1225
1227
1229
1230
1231
1232
1233
1234
1235
1236
1237
1238
1239
1240
1241
1242
1244
1245
1246
1247
1249
1250
1251
1252
1253
1254
1256
1257
1258
1259
1260
1261
1263
1265
1266
1267
1268
1269
1271
1272
1273
1274
1277
1279
1283
1287
1289
1298
1299
1303
1304
1305
1308
1313
1318
1320
1323
1324
1325
1326
1327
1328
1330
1332
1333
1335
1337
1339
1340
1341
1342
1343
1344
1345
1349
1350
1351
1352
1353
1354
1355
1356
1357
1358
1359
1362
1364
1369
1372
1373
1376
1377
1378
1380
1382
1384
1385
1386
1387
1388
1389
1390
1391
1392
1393
1396
1397
1398
1399
1402
1404
1405
1406
1407
1408
1409
1411
1412
1413
1416
1417
1420
1424
1425
1426
1427
1428
1429
1430
1431
1432
1433
1434
1435
1436
1437
1439
1440
1442
1443
1445
1446
1448
1450
1452
1454
1455
1457
1458
1459
1460
1461
1462
1463
1464
1466
1469
1470
1474
1475
1476
1477
1482
1485
1486
1487
1488
1489
1491
1493
1494
1495
1496
1497
1499
1500
1502
1503
1504
1505
1506
1508
1509
1511
1512
1513
1514
1515
1516
1517
1518
1519
1520
1521
1522
1523
1524
1525
1526
1527
1528
1529
1530
1531
1532
1533
1534
1535
1536
1537
1538
1539
1540
1541
1542
1543
1544
1545
1546
1547
1548
1549
1550
1551
1552
1553
1554
1555
1556
1557
1558
1559
1560
1561
1562
1563
1564
1565
1566
1567
1568
1569
1570
1571
1572
1573
1574
1575
1576
1577
1578
1582
1583
1584
1586
1587
1588
1589
1590
1591
1592
1594
1595
1597
1598
1599
1600
1603
1604
1605
1611
1614
1615
1616
1622
1624
1626
1627
1628
1629
1630
1631
1632
1633
1634
1636
1643
1644
1652
1656
1659
1662
1663
1665
1667
1668
1669
1671
1672
1679
1681
1688
1692
1693
1694
1695
1696
1697
1698
1700
1701
1702
1703
1704
1709
1712
1716
1729
1739
1742
1747
1748
1750
1754
1755
1757
1758
1759
1760
1761
1762
1764
1767
1770
1771
1773
1774
1777
1778
1779
1782
1783
1784
1786
1787
1788
1789
1790
1791
1792
1793
1795
1797
1798
1799
1800
1803
1806
1808
1809
1810
1811
1814
1815
1822
1824
1825
1827
1831
1833
1835
1836
1837
1841
1842
1847
1848
1850
1852
1853
1854
1856
1859
1860
1861
1862
1864
1865
1867
1874
1876
1877
1878
1881
1884
1891
1892
1893
1895
1896
1897
1898
1899
1900
1901
1902
1903
1904
1905
1906
1907
1908
1909
1910
1911
1912
1913
1914
1915
1916
1917
1918
1919
1920
1921
1922
1923
1924
1925
1926
1927
1928
1929
1930
1931
1932
1933
1934
1935
1936
1937
1938
1939
1940
1942
1943
1944
1945
1946
1947
1948
1949
1950
1951
1952
1953
1954
1956
1959
1961
1962
1963
1964
1965
1966
1967
1968
1969
1970
1971
1972
1973
1974
1975
1976
1977
1978
1979
1980
1981
1982
1983
1984
1985
1986
1987
1988
1990
1992
1993
1995
1996
1997
1998
1999
2001
2002
2004
2005
2007
2008
2009
2010
2011
2014
2016
2017
2018
2019
2021
2022
2023
2026
2028
2029
2030
2031
2032
2033
2034
2035
2036
2037
2038
2039
2040
2041
2042
2043
2044
2045
2046
2047
2048
2049
2050
2051
2052
2053
2054
2055
2056
2058
2060
2061
2062
2063
2064
2065
2067
2068
2069
2070
2071
2072
2073
2074
2075
2076
2077
2078
2079
2080
2081
2082
2083
2084
2085
2087
2088
2090
2093
2094
2095
2096
2100
2101
2102
2103
2104
2106
2107
2108
2109
2110
2112
2113
2114
2118
2119
2120
2121
2122
2123
2124
2128
2129
2130
2132
2134
2135
2137
2138
2139
2140
2141
2142
2143
2144
2145
2146
2147
2148
2149
2150
2151
2152
2153
2154
2155
2156
2158
2159
2163
2164
2165
2167
2168
2169
2172
2173
2174
2176
2177
2178
2180
2181
2182
2183
2184
2185
2187
2188
2189
2190
2191
2192
2193
2195
2198
2199
2200
2203
2206
2207
2208
2209
2210
2211
2212
2213
2214
2216
2217
2219
2220
2221
2222
2223
2224
2225
2226
2227
2228
2229
2230
2231
2232
2233
2234
2236
2237
2238
2239
2240
2241
2242
2243
2244
2245
2246
2247
2248
2249
2250
2251
2252
2253
2255
2256
2257
2258
2259
2260
2261
2262
2263
2264
2265
2266
2267
2268
2269
2270
2271
2272
2273
2274
2275
2276
2278
2279
2280
2281
2282
2283
2285
2287
2288
2289
2291
2292
2293
2294
2295
2296
2297
2298
2299
2300
2301
2302
2303
2304
2305
2306
2307
2308
2309
2310
2311
2312
2313
2314
2315
2316
2317
2318
2319
2320
2321
2322
2326
2328
2329
2330
2331
2332
2334
2335
2336
2337
2338
2339
2340
2341
2342
2343
2344
2345
2347
2348
2349
2350
2351
2352
2353
2356
2357
2358
2359
2360
2362
2363
2364
2365
2368
2369
2370
2372
2374
2377
2380
2381
2382
2383
2385
2386
2387
2388
2389
2390
2391
2392
2393
2395
2396
2397
2398
2399
2400
2401
2402
2403
2404
2405
2407
2408
2409
2410
2411
2412
2413
2416
2417
2419
2420
2421
2422
2423
2424
2425
2426
2427
2428
2430
2431
2432
2433
2434
2436
2437
2438
2439
2441
2444
2445
2447
2448
2449
2450
2452
2453
2454
2456
2459
2461
2463
2465
2469
2470
2471
2472
2473
2474
2494
2495
2497
2498
2499
2500
2505
2509
2512
2513
2515
2519
2520
2522
2523
2525
2526
2528
2530
2531
2532
2533
2534
2536
2537
2538
2540
2542
2544
2545
2547
2548
2549
2557
2558
2561
2562
2563
2565
2567
2568
2569
2570
2571
2572
2573
2578
2587
2588
2589
2590
2595
2597
2598
2609
2612
2613
2615
2616
2617
2618
2625
2626
2627
2628
2630
2631
2635
2638
2639
2641
2642
2644
2645
2649
2654
2655
2656
2658
2659
2660
2663
2664
2665
2666
2668
2669
2670
2672
2674
2675
2677
2679
2680
2681
2682
2683
2684
2686
2689
2691
2692
2693
2694
2696
2699
2702
2705
2706
2707
2708
2712
2715
2722
2723
2724
2725
2727
2728
2730
2731
2732
2734
2737
2738
2739
2741
2742
2743
2745
2747
2748
2749
2750
2752
2760
2761
2762
2764
2767
2770
2774
2778
2780
2791
2795
2796
2805
2810
2812
2814
2815
2818
2820
2828
2829
2832
2833
2835
2837
2840
2843
2844
2845
2852
2859
2860
2861
2862
2863
2864
2865
2866
2867
2868
2869
2870
2871
2872
2874
2875
2876
2878
2879
2880
2881
2882
2884
2885
2886
2888
2889
2890
2891
2892
2893
2894
2895
2897
2899
2900
2903
2904
2907
2910
2913
2914
2916
2923
2926
2932
2933
2940
2944
2945
2947
2949
2950
2953
2955
2956
2957
2958
2959
2960
2963
2964
2967
2970
2974
2976
2979
2980
2982
2984
2985
2989
2990
2991
2992
2993
2994
2996
2999
3000
3002
3005
3007
3008
3009
3010
3012
3013
3014
3018
3019
3020
3022
3024
3025
3026
3027
3028
3029
3030
3033
3035
3036
3039
3040
3042
3043
3046
3047
3048
3051
3053
3055
3056
3059
3060
3067
3069
3074
3079
3086
3088
3091
3093
3094
3106
3111
3117
3125
3129
3134
3135
3136
3137
3138
3139
3140
3141
3142
3143
3144
3145
3146
3148
3149
3150
3151
3153
3154
3159
3160
3161
3164
3165
3166
3168
3169
3170
3171
3172
3173
3176
3177
3182
3188
3191
3192
3193
3194
3195
3196
3200
3201
3202
3203
3204
3205
3206
3207
3208
3209
3210
3214
3218
3219
3220
3221
3222
3223
3225
3226
3227
3228
3229
3230
3231
3232
3234
3235
3236
3237
3238
3239
3240
3241
3242
3243
3244
3245
3246
3247
3248
3253
3258
3259
3260
3261
3262
3264
3265
3266
3267
3268
3270
3271
3273
3274
3277
3278
3279
3280
3281
3282
3283
3284
3285
3288
3289
3291
3292
3296
3297
3298
3299
3301
3302
3304
3305
3306
3307
3308
3309
3310
3311
3312
3315
3316
3318
3320
3321
3322
3324
3325
3327
3328
3329
3330
3332
3333
3334
3335
3337
3339
3340
3341
3342
3343
3344
3345
3348
3349
3351
3352
3353
3354
3355
3356
3358
3360
3361
3362
3363
3365
3366
3368
3371
3373
3375
3376
3377
3378
3379
3380
3381
3382
3383
3384
3389
3390
3392
3397
3398
3400
3401
3404
3405
3406
3407
3408
3409
3410
3411
3412
3413
3415
3416
3417
3419
3421
3424
3425
3426
3427
3428
3429
3430
3431
3432
3433
3434
3435
3436
3438
3439
3440
3441
3444
3446
3448
3450
3451
3452
3454
3455
3456
3458
3459
3461
3462
3463
3466
3467
3468
3469
3471
3472
3473
3474
3475
3476
3477
3478
3479
3481
3482
3485
3492
3493
3494
3495
3497
3498
3499
3500
3501
3502
3503
3505
3509
3510
3511
3512
3513
3517
3518
3519
3520
3521
3522
3526
3527
3528
3533
3536
3544
3546
3547
3553
3554
3555
3556
3559
3560
3562
3563
3565
3566
3567
3568
3569
3574
3575
3576
3584
3585
3587
3599
3600
3601
3602
3603
3604
3605
3606
3608
3609
3610
3612
3613
3614
3615
3616
3619
3622
3623
3624
3625
3627
3628
3629
3630
3632
3633
3634
3635
3636
3638
3640
3641
3644
3646
3649
3650
3651
3655
3656
3659
3660
3662
3663
3665
3671
3673
3674
3683
3684
3686
3687
3688
3689
3690
3692
3694
3695
3702
3705
3707
3709
3711
3714
3715
3716
3720
3725
3727
3731
3733
3736
3737
3738
3744
3746
3747
3750
3753
3756
3758
3761
3763
3764
3765
3766
3767
3768
3769
3770
3771
3772
3773
3774
3775
3782
3785
3787
3790
3798
3801
3803
3812
3814
3815
3816
3817
3818
3819
3825
3826
3827
3828
3829
3832
3833
3836
3837
3838
3840
3842
3844
3845
3846
3852
3853
3854
3855
3858
3860
3864
3865
3867
3868
3873
3874
3877
3882
3883
3884
3887
3888
3889
3890
3894
3899
3900
3901
3902
3904
3908
3910
3916
3918
3920
3925
3928
3936
3937
3939
3943
3947
3948
3949
3950
3951
3956
3962
3963
3968
3969
3970
3971
3972
3974
3975
3976
3977
3984
3986
3988
3991
4001
4005
4006
4007
4009
4018
4019
4020
4021
4022
4023
4024
4026
4028
4030
4031
4032
4033
4036
4038
4039
4040
4041
4042
4043
4062
4063
4065
4066
4067
4068
4071
4073
4074
4075
4089
4090
4094
4096
4097
4099
4100
4101
4102
4104
4105
4107
4109
4110
4112
4118
4120
4129
4136
4137
4138
4139
4140
4141
4142
4143
4144
4148
4150
4151
4152
4153
4154
4155
4158
4159
4161
4165
4167
4171
4174
4176
4178
4179
4181
4182
4183
4185
4187
4189
4190
4191
4192
4198
4202
4203
4204
4205
4206
4207
4208
4210
4211
4212
4213
4214
4215
4216
4217
4219
4221
4222
4223
4226
4227
4230
4232
4233
4235
4237
4242
4244
4248
4249
4250
4251
4252
4253
4254
4255
4256
4259
4261
4262
4263
4264
4265
4266
4267
4269
4270
4272
4273
4274
4276
4277
4278
4280
4281
4282
4283
4284
4285
4290
4292
4296
4297
4298
4299
4301
4304
4306
4307
4308
4309
4310
4311
4312
4313
4315
4317
4318
4321
4323
4324
4325
4326
4327
4328
4329
4330
4331
4332
4334
4335
4336
4338
4340
4341
4344
4345
4346
4349
4350
4351
4352
4354
4355
4356
4358
4361
4362
4363
4365
4366
4369
4373
4374
4378
4379
4380
4386
4389
4390
4391
4395
4396
4399
4400
4401
4403
4404
4406
4407
4408
4410
4412
4414
4416
4417
4418
4419
4420
4421
4423
4425
4426
4427
4428
4430
4431
4432
4434
4435
4436
4438
4439
4440
4441
4442
4444
4445
4450
4451
4453
4454
4455
4456
4458
4459
4462
4463
4464
4465
4466
4467
4468
4469
4470
4471
4473
4474
4475
4476
4477
4478
4479
4481
4483
4484
4485
4486
4487
4489
4490
4491
4493
4494
4495
4496
4497
4498
4499
4500
4501
4504
4505
4506
4508
4509
4510
4511
4512
4515
4518
4519
4521
4522
4529
4530
4531
4533
4536
4538
4539
4540
4542
4543
4544
4545
4546
4547
4549
4550
4551
4552
4555
4556
4559
4560
4561
4562
4565
4567
4568
4569
4570
4571
4572
4574
4576
4577
4579
4580
4583
4585
4587
4588
4591
4594
4595
4596
4599
4600
4603
4604
4605
4606
4608
4609
4610
4611
4612
4613
4614
4617
4618
4619
4620
4621
4622
4623
4624
4625
4626
4627
4628
4629
4631
4632
4633
4634
4635
4636
4639
4640
4641
4642
4646
4647
4648
4649
4650
4651
4652
4655
4656
4662
4663
4664
4665
4666
4667
4668
4669
4670
4671
4672
4676
4677
4678
4679
4680
4681
4683
4685
4686
4687
4688
4690
4691
4692
4694
4695
4696
4699
4702
4705
4708
4709
4710
4711
4712
4714
4715
4716
4717
4719
4722
4723
4724
4725
4726
4727
4728
4729
4730
4732
4733
4734
4736
4737
4739
4740
4743
4746
4748
4750
4751
4752
4756
4758
4759
4760
4761
4762
4768
4770
4771
4773
4774
4775
4777
4778
4779
4780
4781
4783
4789
4790
4793
4795
4797
4798
4799
4800
4801
4802
4804
4806
4807
4808
4812
4813
4814
4815
4816
4818
4819
4824
4829
4831
4833
4836
4837
4839
4840
4842
4843
4844
4847
4848
4849
4851
4852
4853
4854
4855
4860
4861
4863
4864
4865
4866
4867
4869
4871
4874
4875
4877
4878
4879
4880
4883
4884
4885
4886
4887
4888
4890
4894
4895
4896
4897
4900
4901
4903
4905
4906
4908
4909
4910
4912
4913
4916
4917
4921
4922
4923
4924
4925
4926
4927
4928
4929
4931
4932
4933
4934
4935
4936
4938
4939
4940
4941
4942
4943
4945
4946
4947
4950
4951
4953
4957
4958
4960
4961
4964
4965
4967
4968
4970
4972
4973
4976
4977
4978
4979
4980
4981
4982
4984
4985
4986
4987
4989
4990
4991
4993
4994
4998
4999
5001
5002
5003
5004
5005
5007
5008
5009
5011
5012
5016
5017
5020
5021
5022
5023
5025
5026
5027
5028
5029
5031
5033
5034
5037
5038
5039
5041
5042
5043
5046
5047
5048
5051
5055
5057
5060
5061
5062
5063
5064
5065
5068
5071
5072
5073
5076
5078
5079
5081
5083
5084
5086
5088
5090
5091
5092
5093
5094
5096
5098
5100
5101
5102
5104
5105
5109
5111
5112
5114
5115
5117
5119
5120
5121
5122
5123
5124
5125
5126
5127
5129
5130
5131
5132
5133
5134
5135
5137
5138
5139
5141
5142
5143
5144
5146
5148
5149
5151
5153
5154
5156
5157
5158
5162
5163
5165
5167
5168
5172
5174
5175
5176
5178
5179
5180
5181
5183
5184
5185
5186
5187
5189
5191
5193
5195
5196
5198
5199
5201
5202
5203
5204
5205
5206
5207
5208
5209
5210
5211
5212
5213
5215
5216
5217
5218
5219
5221
5222
5223
5224
5225
5226
5227
5231
5234
5235
5237
5239
5240
5247
5248
5249
5250
5253
5254
5255
5256
5258
5259
5264
5265
5266
5267
5269
5270
5272
5273
5275
5277
5278
5282
5284
5288
5290
5291
5292
5293
5294
5295
5296
5297
5298
5299
5300
5301
5302
5306
5307
5311
5312
5313
5314
5315
5316
5317
5319
5320
5321
5322
5323
5326
5328
5329
5330
5331
5332
5333
5334
5335
5336
5338
5339
5340
5341
5343
5344
5345
5346
5347
5348
5353
5357
5358
5360
5362
5363
5364
5369
5372
5373
5375
5377
5378
5379
5381
5385
5386
5387
5388
5389
5390
5391
5392
5393
5395
5398
5399
5400
5401
5402
5403
5406
5407
5410
5411
5412
5413
5417
5418
5419
5420
5421
5422
5423
5425
5426
5427
5428
5429
5430
5431
5432
5434
5435
5437
5439
5441
5443
5444
5445
5446
5447
5448
5450
5451
5454
5455
5456
5461
5463
5466
5467
5471
5472
5473
5474
5475
5476
5477
5478
5481
5482
5483
5484
5485
5486
5487
5488
5489
5491
5493
5494
5495
5496
5497
5498
5499
5501
5503
5504
5505
5506
5507
5508
5510
5511
5514
5515
5517
5519
5520
5521
5522
5524
5529
5530
5531
5532
5535
5538
5540
5541
5542
5544
5547
5548
5549
5550
5551
5552
5553
5554
5555
5557
5561
5563
5564
5565
5566
5567
5568
5569
5570
5572
5574
5575
5576
5577
5578
5579
5580
5583
5584
5586
5590
5591
5592
5593
5594
5595
5596
5597
5598
5603
5604
5606
5607
5608
5609
5610
5612
5613
5614
5615
5617
5619
5620
5621
5622
5623
5624
5625
5626
5627
5629
5630
5631
5633
5634
5635
5636
5638
5639
5642
5643
5647
5652
5654
5656
5657
5658
5659
5660
5661
5663
5664
5665
5667
5669
5671
5672
5673
5674
5676
5677
5682
5683
5685
5688
5690
5691
5692
5694
5695
5696
5697
5698
5699
5701
5702
5703
5704
5705
5708
5709
5711
5712
5713
5714
5715
5716
5717
5718
5725
5727
5729
5736
5737
5738
5741
5742
5743
5748
5752
5753
5754
5755
5757
5758
5759
5760
5761
5764
5765
5766
5767
5768
5769
5770
5772
5773
5774
5776
5777
5778
5779
5782
5784
5785
5786
5787
5788
5789
5790
5791
5792
5793
5797
5798
5802
5803
5804
5805
5807
5808
5809
5810
5811
5812
5814
5816
5817
5818
5823
5824
5825
5828
5829
5830
5831
5832
5836
5837
5841
5843
5845
5846
5847
5848
5849
5850
5851
5853
5855
5857
5858
5859
5860
5861
5862
5863
5866
5867
5868
5871
5872
5873
5874
5875
5879
5881
5884
5885
5887
5888
5891
5892
5893
5896
5897
5898
5899
5900
5902
5904
5905
5906
5907
5910
5911
5912
5913
5914
5915
5918
5919
5920
5921
5922
5924
5927
5928
5931
5932
5934
5935
5940
5941
5942
5944
5947
5949
5950
5951
5952
5954
5955
5956
5957
5960
5961
5962
5964
5965
5967
5968
5969
5973
5974
5976
5977
5980
5981
5985
5986
5987
5988
5990
5991
5994
5995
5996
5997
5998
5999
6001
6003
6004
6005
6006
6008
6009
6010
6012
6013
6015
6016
6017
6020
6021
6023
6024
6025
6026
6027
6028
6029
6030
6032
6033
6037
6040
6041
6042
6043
6044
6046
6047
6048
6049
6050
6054
6055
6056
6057
6063
6065
6069
6070
6072
6075
6076
6077
6079
6082
6083
6084
6086
6087
6092
6099
6102
6103
6105
6109
6110
6111
6114
6115
6116
6118
6120
6122
6124
6125
6128
6129
6134
6139
6140
6144
6146
6147
6148
6152
6153
6154
6157
6158
6160
6167
6168
6173
6174
6175
6177
6179
6180
6184
6190
6191
6192
6198
6201
6202
6203
6204
6205
6207
6210
6211
6212
6214
6215
6216
6217
6219
6224
6225
6226
6227
6228
6230
6232
6234
6235
6236
6237
6238
6239
6241
6242
6243
6248
6251
6252
6253
6255
6256
6259
6260
6262
6266
6270
6272
6273
6274
6275
6281
6284
6285
6286
6288
6289
6290
6291
6294
6297
6298
6299
6300
6301
6302
6303
6304
6305
6306
6307
6308
6309
6312
6315
6319
6321
6325
6326
6327
6330
6331
6334
6335
6336
6338
6339
6340
6341
6342
6343
6344
6345
6347
6348
6349
6350
6352
6355
6356
6359
6362
6363
6364
6365
6367
6372
6376
6378
6379
6383
6385
6386
6387
6388
6389
6390
6392
6393
6394
6395
6396
6397
6398
6399
6400
6401
6404
6405
6407
6408
6411
6412
6414
6417
6418
6420
6421
6422
6423
6425
6426
6430
6431
6433
6435
6437
6439
6440
6441
6442
6444
6447
6448
6449
6450
6451
6452
6453
6454
6455
6456
6458
6459
6460
6462
6464
6465
6467
6468
6469
6470
6471
6474
6475
6477
6478
6479
6480
6481
6482
6483
6488
6490
6492
6493
6495
6496
6499
6500
6503
6505
6506
6510
6511
6513
6514
6515
6517
6518
6521
6522
6523
6527
6531
6533
6534
6535
6536
6537
6540
6541
6545
6546
6547
6550
6551
6553
6554
6556
6558
6559
6560
6561
6562
6563
6567
6568
6571
6572
6573
6574
6575
6576
6577
6578
6579
6583
6587
6589
6590
6591
6593
6594
6595
6596
6597
6598
6600
6601
6602
6604
6605
6608
6611
6612
6613
6614
6615
6616
6617
6618
6619
6620
6621
6622
6623
6629
6632
6636
6638
6639
6640
6643
6648
6649
6651
6653
6654
6655
6658
6660
6661
6662
6663
6665
6667
6668
6669
6670
6673
6674
6675
6676
6677
6678
6679
6681
6682
6683
6686
6687
6691
6692
6693
6694
6695
6696
6698
6700
6702
6703
6705
6706
6707
6708
6709
6710
6712
6713
6715
6716
6718
6720
6721
6722
6723
6725
6726
6728
6735
6737
6739
6740
6741
6743
6744
6745
6746
6747
6748
6749
6751
6752
6753
6754
6757
6758
6763
6764
6765
6766
6767
6768
6770
6772
6773
6774
6775
6776
6778
6779
6781
6783
6784
6785
6786
6787
6788
6791
6794
6795
6797
6798
6799
6800
6804
6805
6806
6807
6808
6809
6810
6813
6814
6815
6820
6822
6823
6825
6826
6829
6830
6831
6833
6834
6837
6838
6840
6841
6846
6847
6850
6851
6855
6857
6858
6860
6863
6864
6865
6866
6867
6868
6870
6875
6876
6877
6878
6879
6880
6882
6885
6886
6887
6889
6890
6892
6894
6898
6900
6901
6902
6905
6908
6909
6912
6915
6916
6917
6919
6920
6925
6926
6928
6929
6930
6931
6932
6934
6935
6936
6937
6939
6940
6941
6944
6945
6946
6950
6951
6952
6953
6954
6956
6958
6959
6960
6961
6964
6965
6966
6968
6969
6973
6974
6978
6980
6981
6982
6985
6986
6987
6990
6991
6993
6994
6995
6996
6997
6998
6999
7000
7002
7003
7004
7009
7010
7011
7013
7017
7018
7019
7025
7026
7029
7031
7038
7039
7041
7042
7044
7045
7046
7048
7049
7050
7051
7052
7055
7056
7057
7059
7062
7063
7064
7066
7068
7069
7072
7073
7075
7076
7077
7078
7079
7081
7082
7083
7084
7085
7087
7088
7090
7091
7092
7093
7095
7096
7097
7098
7099
7100
7101
7103
7104
7107
7108
7110
7111
7112
7113
7115
7116
7117
7118
7120
7121
7122
7123
7126
7127
7128
7129
7134
7135
7136
7137
7138
7142
7150
7152
7153
7154
7155
7156
7158
7160
7161
7162
7163
7164
7165
7166
7167
7168
7169
7170
7171
7172
7173
7175
7176
7177
7178
7180
7181
7182
7183
7186
7189
7192
7193
7194
7195
7196
7198
7199
7200
7201
7202
7203
7204
7205
7206
7207
7208
7212
7213
7214
7215
7216
7217
7218
7219
7220
7222
7223
7224
7225
7226
7228
7230
7231
7232
7237
7238
7239
7241
7242
7243
7244
7245
7246
7247
7250
7254
7256
7257
7258
7259
7260
7261
7263
7264
7266
7267
7268
7270
7271
7273
7276
7277
7278
7279
7280
7282
7283
7284
7285
7286
7287
7288
7289
7290
7291
7292
7293
7294
7297
7299
7301
7302
7305
7306
7307
7309
7310
7313
7314
7315
7316
7317
7318
7319
7321
7322
7323
7324
7325
7326
7327
7329
7332
7333
7334
7335
7336
7337
7338
7340
7341
7342
7344
7346
7348
7349
7350
7353
7354
7357
7358
7363
7364
7365
7370
7372
7373
7375
7378
7379
7380
7382
7385
7386
7388
7390
7391
7393
7394
7396
7400
7403
7406
7412
7418
7419
7420
7422
7424
7425
7427
7428
7432
7435
7436
7437
7438
7440
7441
7442
7443
7445
7449
7450
7451
7452
7454
7455
7458
7459
7460
7461
7462
7463
7464
7465
7466
7467
7469
7470
7471
7472
7473
7474
7475
7476
7478
7479
7482
7484
7485
7486
7491
7492
7494
7496
7497
7498
7502
7503
7504
7505
7506
7507
7511
7513
7514
7516
7517
7518
7520
7521
7523
7524
7525
7526
7528
7530
7533
7536
7539
7540
7541
7542
7546
7548
7551
7552
7554
7556
7557
7558
7559
7561
7562
7563
7564
7565
7566
7567
7568
7570
7571
7573
7574
7575
7578
7584
7585
7587
7590
7591
7592
7595
7596
7597
7601
7603
7604
7606
7607
7608
7610
7612
7613
7616
7617
7619
7622
7623
7625
7626
7628
7629
7630
7631
7634
7637
7638
7641
7642
7644
7646
7650
7651
7652
7655
7656
7657
7658
7659
7660
7661
7663
7664
7665
7666
7671
7672
7673
7674
7679
7681
7682
7685
7686
7688
7690
7691
7693
7694
7696
7698
7703
7704
7705
7707
7708
7710
7711
7712
7713
7715
7716
7717
7718
7719
7721
7722
7723
7724
7725
7727
7728
7729
7730
7731
7732
7733
7734
7736
7738
7739
7740
7741
7742
7746
7749
7751
7753
7755
7756
7757
7758
7759
7760
7763
7764
7768
7769
7770
7773
7775
7777
7778
7779
7783
7785
7786
7787
7788
7789
7792
7793
7794
7795
7798
7799
7801
7805
7806
7810
7813
7815
7818
7820
7824
7828
7830
7832
7834
7835
7837
7841
7843
7844
7849
7852
7854
7855
7856
7858
7860
7862
7864
7867
7868
7871
7872
7873
7874
7876
7878
7881
7882
7884
7886
7887
7889
7891
7892
7894
7895
7896
7902
7903
7904
7905
7906
7908
7911
7913
7914
7915
7917
7918
7919
7920
7921
7923
7924
7927
7928
7929
7931
7934
7935
7937
7938
7939
7940
7941
7942
7943
7944
7949
7950
7951
7952
7953
7954
7955
7959
7962
7963
7964
7966
7969
7972
7973
7976
7977
7981
7982
7983
7984
7987
7988
7989
7990
7991
7992
7994
7995
7997
7998
7999
8000
8001
8004
8005
8006
8007
8008
8009
8012
8017
8019
8020
8021
8022
8023
8024
8025
8027
8028
8029
8031
8033
8034
8035
8036
8037
8038
8039
8040
8042
8043
8044
8045
8046
8050
8051
8052
8054
8056
8060
8061
8062
8064
8065
8066
8068
8070
8071
8072
8074
8077
8078
8080
8081
8082
8084
8086
8087
8089
8090
8093
8098
8099
8101
8104
8105
8106
8110
8112
8113
8114
8115
8116
8119
8120
8121
8124
8125
8126
8127
8129
8131
8133
8136
8138
8139
8140
8141
8142
8144
8145
8147
8149
8150
8151
8153
8154
8155
8156
8157
8159
8161
8162
8163
8164
8166
8168
8170
8171
8172
8173
8174
8175
8177
8178
8179
8182
8183
8184
8186
8191
8193
8195
8197
8198
8199
8201
8202
8203
8204
8205
8206
8207
8208
8210
8211
8212
8213
8215
8216
8218
8220
8221
8222
8225
8229
8230
8231
8232
8233
8236
8237
8239
8240
8242
8243
8244
8245
8246
8250
8251
8252
8254
8255
8256
8257
8258
8259
8261
8263
8264
8267
8268
8271
8272
8273
8275
8276
8278
8281
8282
8285
8286
8288
8289
8290
8294
8295
8297
8298
8299
8300
8303
8307
8309
8310
8312
8313
8315
8318
8320
8322
8325
8326
8327
8328
8329
8330
8332
8333
8335
8337
8345
8346
8347
8348
8352
8354
8360
8362
8364
8365
8368
8371
8375
8376
8378
8380
8381
8382
8386
8388
8389
8390
8392
8393
8394
8396
8397
8398
8399
8400
8401
8402
8403
8404
8405
8407
8408
8409
8410
8412
8414
8416
8417
8418
8419
8420
8421
8422
8426
8428
8430
8432
8433
8434
8435
8436
8437
8439
8440
8446
8447
8448
8449
8450
8451
8452
8453
8454
8456
8460
8462
8463
8464
8467
8468
8469
8470
8472
8473
8474
8477
8478
8481
8482
8483
8484
8485
8486
8490
8491
8492
8493
8494
8495
8496
8497
8498
8500
8501
8502
8503
8505
8506
8508
8509
8510
8511
8512
8513
8516
8521
8522
8524
8526
8529
8531
8532
8536
8538
8539
8540
8541
8542
8543
8547
8548
8549
8552
8553
8555
8556
8557
8560
8561
8562
8564
8565
8568
8569
8570
8571
8572
8573
8577
8578
8580
8581
8583
8584
8586
8588
8589
8590
8591
8593
8594
8596
8597
8598
8599
8600
8601
8602
8603
8604
8606
8607
8610
8611
8613
8615
8622
8625
8626
8627
8628
8629
8632
8636
8638
8639
8641
8643
8645
8646
8647
8648
8649
8650
8651
8652
8653
8654
8655
8656
8657
8658
8662
8663
8664
8665
8666
8667
8668
8669
8670
8671
8672
8673
8674
8675
8676
8677
8678
8679
8680
8681
8682
8684
8685
8686
8690
8691
8692
8693
8694
8695
8702
8707
8708
8709
8710
8711
8712
8713
8715
8716
8720
8723
8724
8725
8728
8732
8733
8737
8738
8739
8740
8741
8745
8746
8750
8752
8753
8754
8756
8757
8758
8759
8761
8762
8763
8766
8768
8770
8771
8772
8773
8775
8776
8780
8781
8783
8784
8785
8786
8787
8788
8793
8795
8797
8798
8801
8803
8804
8806
8807
8810
8812
8814
8815
8817
8820
8823
8824
8826
8827
8828
8829
8830
8831
8833
8835
8838
8839
8842
8843
8845
8846
8847
8848
8849
8851
8854
8856
8857
8858
8860
8861
8863
8864
8867
8869
8870
8871
8872
8875
8876
8878
8879
8883
8884
8886
8887
8888
8890
8891
8892
8894
8896
8897
8898
8899
8900
8901
8902
8903
8905
8906
8908
8910
8914
8915
8916
8917
8918
8919
8922
8923
8924
8925
8926
8927
8929
8931
8932
8934
8936
8937
8938
8939
8942
8943
8944
8945
8947
8948
8950
8951
8954
8956
8957
8959
8962
8965
8966
8967
8968
8969
8970
8971
8976
8977
8980
8981
8982
8983
8984
8985
8986
8987
8989
8990
8991
8992
8993
8994
8995
9000
9001
9003
9006
9007
9011
9012
9013
9014
9015
9019
9022
9023
9024
9025
9026
9028
9029
9030
9031
9032
9033
9034
9036
9037
9039
9042
9043
9047
9049
9050
9051
9052
9054
9055
9056
9057
9058
9059
9060
9061
9062
9064
9065
9066
9070
9071
9072
9073
9074
9079
9080
9081
9082
9083
9087
9088
9092
9093
9094
9096
9097
9098
9100
9101
9104
9105
9106
9107
9108
9109
9110
9111
9112
9116
9118
9119
9123
9128
9130
9131
9132
9133
9134
9138
9139
9140
9141
9142
9144
9146
9147
9148
9149
9150
9151
9153
9154
9155
9158
9159
9161
9163
9165
9166
9167
9168
9169
9171
9173
9174
9175
9176
9179
9180
9183
9184
9187
9188
9189
9191
9193
9198
9199
9201
9204
9205
9206
9211
9212
9213
9214
9215
9216
9218
9219
9220
9223
9224
9225
9226
9227
9228
9229
9230
9231
9233
9237
9238
9239
9241
9242
9243
9245
9249
9250
9251
9252
9254
9256
9257
9258
9259
9264
9265
9268
9269
9270
9271
9272
9273
9274
9275
9276
9278
9280
9282
9289
9292
9293
9294
9295
9296
9299
9302
9303
9304
9305
9306
9307
9308
9309
9312
9313
9316
9317
9318
9321
9323
9326
9329
9330
9332
9333
9334
9335
9336
9337
9341
9342
9343
9344
9345
9346
9348
9349
9351
9353
9354
9361
9362
9364
9365
9366
9367
9368
9369
9370
9371
9375
9376
9380
9381
9382
9384
9385
9386
9389
9390
9391
9394
9395
9396
9397
9398
9399
9400
9401
9403
9404
9406
9410
9411
9412
9413
9414
9415
9416
9417
9419
9420
9421
9422
9424
9425
9426
9429
9430
9436
9439
9440
9441
9444
9445
9446
9447
9448
9449
9451
9452
9453
9454
9456
9459
9462
9463
9464
9466
9468
9469
9470
9474
9475
9478
9480
9481
9483
9485
9487
9489
9491
9492
9495
9497
9499
9500
9501
9502
9503
9504
9512
9513
9514
9515
9520
9521
9522
9527
9531
9532
9534
9535
9536
9539
9541
9542
9544
9545
9547
9548
9550
9551
9556
9557
9565
9566
9568
9569
9570
9571
9573
9574
9575
9576
9577
9578
9580
9583
9584
9585
9586
9587
9589
9590
9594
9596
9601
9604
9607
9608
9609
9614
9615
9617
9621
9623
9625
9626
9627
9628
9629
9632
9633
9634
9635
9636
9638
9639
9640
9641
9642
9643
9646
9651
9652
9653
9654
9655
9658
9659
9660
9663
9664
9665
9666
9667
9669
9672
9673
9674
9675
9676
9677
9678
9680
9683
9685
9688
9689
9690
9691
9692
9694
9696
9697
9702
9703
9704
9705
9706
9710
9711
9712
9714
9716
9719
9720
9723
9725
9726
9727
9729
9732
9733
9734
9736
9737
9738
9739
9740
9741
9744
9751
9752
9753
9754
9755
9756
9758
9759
9762
9763
9764
9766
9769
9770
9771
9772
9773
9775
9776
9777
9778
9779
9780
9782
9784
9785
9786
9791
9794
9796
9797
9798
9799
9800
9801
9802
9805
9806
9807
9809
9811
9814
9819
9820
9825
9826
9827
9834
9835
9836
9837
9838
9841
9844
9848
9849
9855
9857
9858
9859
9860
9862
9866
9868
9869
9873
9875
9876
9877
9878
9880
9883
9885
9886
9887
9888
9889
9891
9893
9894
9895
9896
9897
9898
9899
9900
9901
9902
9904
9906
9907
9909
9911
9912
9915
9920
9921
9922
9923
9924
9926
9927
9928
9929
9930
9931
9934
9935
9936
9937
9938
9940
9944
9946
9947
9948
9950
9951
9952
9953
9955
9957
9959
9960
9961
9962
9963
9964
9965
9966
9968
9969
9971
9974
9975
9976
9978
9979
9980
9981
9982
9983
9987
9988
9989
9990
9991
9992
9993
9996
9998
10001
10002
10009
10010
10011
10012
10013
10014
10015
10016
10017
10021
10022
10024
10027
10028
10030
10032
10033
10035
10037
10039
10040
10041
10042
10043
10044
10045
10046
10047
10049
10050
10051
10052
10053
10054
10055
10056
10057
10058
10059
10061
10063
10064
10065
10066
10067
10069
10072
10073
10074
10075
10076
10077
10080
10081
10082
10083
10085
10086
10087
10089
10090
10091
10092
10093
10094
10096
10099
10101
10104
10105
10106
10107
10108
10109
10112
10116
10117
10118
10120
10121
10122
10123
10126
10127
10133
10134
10139
10140
10141
10146
10147
10150
10151
10152
10154
10155
10156
10157
10158
10159
10161
10162
10163
10164
10168
10170
10174
10178
10180
10184
10185
10186
10187
10188
10189
10190
10191
10194
10195
10196
10198
10199
10201
10205
10206
10208
10209
10210
10212
10216
10217
10218
10219
10220
10222
10223
10224
10225
10226
10227
10228
10230
10231
10233
10234
10235
10236
10239
10240
10242
10243
10244
10245
10246
10247
10248
10249
10251
10252
10253
10254
10257
10259
10261
10262
10263
10264
10265
10268
10270
10271
10272
10275
10276
10278
10282
10283
10285
10288
10289
10290
10294
10295
10296
10297
10298
10299
10300
10301
10302
10303
10304
10305
10306
10307
10310
10312
10313
10314
10317
10318
10321
10322
10323
10324
10325
10326
10327
10328
10329
10330
10331
10332
10334
10335
10336
10337
10338
10339
10342
10343
10344
10345
10348
10349
10350
10351
10352
10353
10354
10355
10359
10361
10362
10365
10366
10370
10371
10372
10374
10376
10377
10379
10380
10382
10386
10387
10388
10389
10390
10393
10394
10396
10397
10398
10400
10401
10403
10405
10408
10411
10412
10413
10415
10416
10417
10418
10419
10421
10422
10423
10424
10426
10428
10429
10430
10431
10432
10435
10437
10439
10443
10446
10447
10450
10452
10454
10455
10458
10459
10460
10461
10462
10464
10467
10469
10472
10475
10477
10478
10480
10482
10486
10487
10488
10490
10493
10495
10496
10498
10499
10500
10503
10504
10505
10507
10508
10509
10510
10511
10512
10513
10514
10516
10517
10518
10519
10520
10521
10522
10523
10524
10525
10526
10527
10529
10530
10531
10533
10534
10535
10538
10541
10543
10545
10546
10547
10548
10549
10550
10551
10552
10553
10554
10555
10558
10560
10562
10563
10566
10569
10573
10574
10575
10582
10583
10584
10585
10587
10588
10589
10590
10591
10593
10597
10606
10609
10610
10611
10612
10614
10616
10619
10620
10622
10624
10625
10626
10627
10628
10630
10632
10634
10635
10637
10638
10640
10641
10642
10643
10647
10648
10649
10657
10658
10661
10662
10663
10664
10665
10666
10667
10668
10670
10671
10672
10673
10674
10675
10676
10677
10679
10680
10682
10685
10686
10687
10690
10691
10693
10694
10696
10697
10698
10699
10700
10701
10702
10707
10708
10710
10711
10712
10713
10717
10718
10719
10720
10722
10724
10725
10726
10727
10728
10729
10730
10732
10733
10734
10737
10738
10741
10747
10748
10749
10750
10751
10753
10754
10756
10758
10759
10760
10762
10764
10765
10766
10767
10771
10772
10773
10774
10775
10776
10779
10780
10781
10782
10783
10785
10786
10790
10791
10792
10795
10797
10798
10799
10801
10802
10805
10806
10807
10808
10809
10810
10812
10813
10817
10821
10823
10824
10827
10829
10831
10832
10834
10836
10839
10840
10841
10842
10843
10845
10847
10848
10851
10854
10855
10858
10859
10861
10863
10864
10866
10869
10870
10871
10873
10874
10875
10876
10878
10879
10880
10881
10882
10883
10885
10888
10889
10893
10895
10896
10897
10898
10901
10905
10906
10907
10908
10909
10911
10912
10913
10914
10918
10919
10920
10923
10926
10927
10931
10932
10934
10935
10937
10938
10939
10940
10942
10943
10944
10945
10946
10947
10950
10951
10952
10954
10955
10956
10957
10959
10961
10962
10963
10967
10968
10971
10972
10973
10974
10979
10983
10985
10986
10988
10993
10996
10997
10998
11000
11001
11002
11003
11004
11008
11011
11012
11015
11016
11017
11019
11021
11022
11023
11024
11026
11027
11028
11030
11031
11032
11033
11035
11038
11039
11040
11043
11044
11045
11048
11050
11051
11052
11053
11054
11055
11056
11058
11059
11060
11061
11063
11065
11066
11067
11068
11070
11072
11073
11076
11077
11078
11080
11081
11082
11083
11084
11085
11087
11088
11093
11094
11095
11096
11097
11098
11101
11102
11103
11104
11105
11106
11107
11108
11109
11110
11112
11113
11114
11118
11119
11120
11122
11125
11127
11128
11129
11132
11133
11134
11136
11137
11138
11139
11140
11142
11143
11144
11145
11146
11148
11150
11151
11152
11153
11154
11155
11157
11158
11159
11160
11161
11162
11163
11164
11167
11168
11169
11170
11171
11172
11173
11176
11178
11179
11180
11181
11182
11184
11185
11186
11187
11189
11197
11200
11202
11205
11207
11208
11209
11210
11211
11213
11215
11217
11218
11219
11220
11221
11222
11224
11225
11226
11234
11235
11237
11238
11241
11242
11243
11246
11247
11251
11254
11256
11258
11259
11261
11262
11265
11268
11269
11272
11273
11274
11275
11276
11278
11281
11282
11283
11291
11292
11293
11295
11297
11298
11300
11303
11304
11305
11306
11308
11309
11310
11312
11315
11317
11318
11319
11322
11324
11325
11326
11328
11329
11330
11331
11333
11334
11338
11339
11340
11342
11343
11344
11346
11348
11349
11350
11351
11353
11354
11355
11356
11360
11362
11364
11366
11369
11371
11373
11374
11376
11377
11378
11381
11382
11383
11384
11385
11386
11387
11388
11389
11390
11391
11393
11395
11396
11397
11399
11400
11401
11402
11403
11404
11406
11408
11409
11411
11413
11415
11417
11420
11423
11426
11427
11428
11430
11432
11435
11436
11438
11439
11440
11441
11442
11446
11448
11453
11454
11455
11459
11463
11464
11465
11467
11468
11469
11471
11472
11473
11476
11477
11478
11481
11482
11483
11484
11486
11487
11488
11489
11490
11491
11492
11493
11494
11496
11497
11498
11500
11502
11503
11506
11507
11513
11514
11515
11516
11517
11519
11520
11521
11523
11526
11528
11531
11535
11536
11537
11538
11539
11540
11541
11542
11543
11548
11550
11553
11555
11556
11557
11559
11561
11562
11565
11569
11570
11571
11572
11573
11574
11576
11577
11578
11579
11581
11583
11587
11588
11589
11590
11591
11592
11593
11595
11596
11597
11598
11599
11603
11604
11605
11608
11610
11611
11612
11613
11614
11617
11618
11619
11620
11621
11622
11623
11626
11627
11628
11629
11630
11631
11632
11633
11635
11636
11637
11639
11640
11642
11643
11645
11646
11647
11648
11649
11650
11651
11652
11653
11654
11655
11656
11657
11658
11659
11661
11663
11667
11669
11670
11672
11673
11674
11678
11681
11682
11686
11687
11688
11689
11691
11692
11694
11695
11696
11697
11699
11700
11703
11704
11707
11708
11709
11710
11711
11712
11714
11715
11717
11720
11722
11724
11725
11726
11727
11728
11729
11731
11732
11733
11734
11735
11736
11737
11739
11742
11743
11746
11749
11750
11752
11753
11755
11756
11759
11760
11762
11763
11764
11768
11769
11770
11772
11773
11776
11777
11779
11780
11781
11782
11786
11787
11789
11790
11792
11794
11797
11798
11799
11800
11801
11803
11808
11809
11810
11813
11814
11818
11819
11820
11821
11822
11826
11828
11834
11835
11836
11837
11838
11839
11840
11841
11842
11844
11845
11846
11847
11848
11850
11851
11855
11856
11857
11861
11862
11863
11864
11865
11866
11867
11868
11869
11870
11871
11872
11874
11875
11876
11877
11878
11879
11880
11881
11882
11883
11886
11888
11889
11890
11891
11893
11895
11896
11897
11898
11899
11901
11902
11903
11904
11906
11908
11909
11913
11916
11917
11919
11920
11921
11922
11924
11926
11927
11928
11929
11930
11932
11936
11938
11939
11940
11941
11943
11946
11947
11949
11950
11951
11952
11953
11954
11957
11959
11960
11961
11963
11964
11965
11967
11969
11970
11971
11974
11975
11978
11979
11981
11983
11984
11986
11989
11990
11993
11994
11995
11999
12001
12008
12009
12010
12011
12012
12013
12014
12015
12017
12018
12019
12020
12021
12022
12023
12024
12025
12026
12027
12028
12030
12031
12032
12033
12034
12035
12036
12037
12038
12039
12040
12041
12043
12044
12046
12047
12048
12049
12050
12051
12053
12054
12055
12057
12060
12062
12063
12064
12066
12068
12070
12073
12074
12080
12083
12084
12087
12089
12090
12091
12092
12093
12094
12095
12096
12098
12104
12106
12108
12109
12111
12120
12122
12124
12130
12144
12146
12147
12153
12154
12156
12158
12162
12169
12173
12176
12177
12178
12179
12180
12181
12182
12183
12184
12185
12186
12189
12190
12191
12193
12197
12199
12200
12201
12202
12203
12206
12207
12208
12209
12210
12213
12214
12216
12217
12221
12224
12226
12228
12229
12230
12231
12238
12239
12240
12241
12242
12243
12244
12245
12246
12247
12248
12249
12250
12252
12254
12255
12256
12258
12259
12260
12261
12262
12263
12267
12271
12275
12280
12281
12282
12283
12284
12290
12296
12297
12301
12303
12305
12308
12312
12314
12316
12318
12321
12322
12323
12324
12325
12326
12327
12328
12330
12331
12332
12333
12334
12335
12337
12339
12340
12341
12345
12346
12347
12348
12349
12350
12351
12352
12353
12354
12355
12356
12358
12359
12361
12362
12364
12366
12368
12372
12374
12375
12376
12380
12381
12383
12385
12386
12388
12390
12392
12393
12394
12395
12396
12398
12399
12400
12401
12403
12404
12405
12406
12407
12408
12410
12411
12412
12413
12419
12420
12421
12422
12425
12429
12430
12432
12433
12435
12436
12437
12438
12440
12442
12443
12446
12452
12454
12456
12462
12463
12464
12466
12467
12470
12473
12480
12481
12482
12483
12486
12490
12492
12493
12494
12496
12497
12500
12501
12502
12504
12505
12510
12511
12512
12515
12518
12521
12522
12524
12525
12529
12532
12534
12536
12538
12541
12544
12545
12546
12547
12549
12550
12551
12553
12555
12556
12558
12559
12561
12563
12565
12566
12567
12569
12570
12571
12572
12573
12574
12576
12579
12580
12581
12582
12584
12589
12590
12592
12593
12594
12596
12600
12601
12603
12610
12613
12614
12615
12616
12618
12619
12621
12622
12624
12625
12626
12627
12628
12629
12631
12632
12633
12634
12635
12639
12640
12642
12643
12645
12646
12647
12648
12650
12652
12653
12656
12658
12660
12662
12664
12666
12667
12670
12671
12673
12674
12675
12676
12677
12678
12679
12680
12683
12684
12685
12686
12687
12688
12689
12691
12692
12693
12694
12696
12698
12699
12700
12701
12702
12703
12707
12708
12709
12710
12711
12712
12713
12714
12716
12719
12721
12722
12728
12729
12730
12731
12732
12733
12734
12735
12736
12737
12738
12739
12740
12741
12742
12743
12748
12750
12751
12753
12754
12756
12758
12759
12760
12761
12766
12767
12768
12769
12770
12771
12772
12773
12774
12775
12776
12777
12779
12780
12781
12782
12783
12784
12785
12786
12787
12789
12790
12792
12793
12794
12795
12797
12799
12800
12801
12803
12805
12806
12807
12808
12809
12810
12811
12815
12816
12817
12818
12819
12820
12821
12822
12823
12824
12825
12826
12827
12828
12829
12830
12831
12832
12833
12834
12835
12836
12837
12838
12839
12840
12841
12842
12843
12846
12847
12848
12849
12855
12857
12860
12863
12865
12869
12870
12871
12872
12873
12875
12876
12877
12878
12880
12881
12882
12884
12886
12887
12888
12889
12890
12891
12893
12896
12897
12898
12900
12902
12903
12904
12906
12907
12909
12912
12913
12914
12915
12919
12920
12922
12923
12924
12926
12927
12928
12933
12934
12935
12936
12937
12938
12939
12940
12942
12943
12944
12946
12948
12949
12950
12951
12955
12956
12957
12961
12962
12963
12965
12966
12967
12968
12969
12970
12971
12975
12976
12977
12978
12980
12981
12982
12984
12985
12989
12993
12994
12995
12997
12999
13000
13001
13002
13005
13006
13009
13014
13016
13020
13021
13023
13025
13026
13027
13028
13030
13031
13032
13035
13037
13039
13040
13041
13044
13045
13047
13048
13049
13050
13051
13052
13053
13055
13056
13057
13058
13059
13060
13061
13062
13064
13066
13067
13068
13069
13070
13071
13073
13075
13077
13078
13080
13083
13084
13085
13087
13088
13089
13092
13093
13094
13095
13097
13099
13100
13102
13104
13106
13107
13108
13109
13113
13118
13120
13125
13127
13133
13134
13135
13136
13139
13140
13143
13144
13145
13148
13149
13150
13151
13152
13154
13155
13156
13157
13158
13162
13163
13164
13168
13169
13170
13171
13172
13173
13174
13175
13177
13179
13181
13182
13186
13187
13189
13193
13196
13199
13202
13203
13205
13206
13211
13212
13213
13214
13215
13221
13223
13224
13225
13227
13228
13229
13232
13234
13235
13236
13240
13245
13246
13247
13248
13249
13254
13255
13256
13258
13259
13260
13261
13263
13264
13265
13266
13267
13268
13269
13270
13271
13276
13279
13280
13283
13285
13286
13297
13298
13299
13300
13301
13305
13306
13307
13309
13310
13311
13312
13313
13315
13316
13317
13318
13322
13324
13325
13327
13328
13329
13330
13331
13333
13335
13336
13338
13339
13340
13341
13343
13345
13347
13348
13349
13351
13352
13353
13355
13356
13357
13359
13361
13363
13364
13368
13371
13375
13377
13378
13380
13381
13384
13385
13386
13387
13389
13390
13395
13397
13398
13399
13401
13405
13406
13414
13417
13423
13426
13427
13429
13432
13433
13437
13443
13444
13447
13451
13452
13453
13454
13455
13466
13471
13473
13475
13476
13477
13478
13479
13480
13481
13482
13483
13484
13485
13486
13488
13491
13492
13493
13494
13495
13497
13498
13504
13506
13508
13517
13518
13521
13522
13523
13524
13525
13530
13532
13533
13534
13535
13537
13539
13540
13541
13542
13543
13545
13546
13547
13551
13553
13554
13559
13565
13572
13577
13581
13589
13592
13594
13600
13602
13603
13604
13606
13608
13609
13612
13613
13614
13617
13619
13620
13621
13622
13623
13624
13625
13630
13631
13633
13635
13640
13641
13642
13643
13644
13648
13649
13650
13651
13653
13654
13655
13656
13657
13658
13659
13660
13663
13664
13665
13667
13668
13670
13671
13672
13673
13674
13676
13677
13678
13682
13684
13686
13688
13689
13690
13692
13694
13695
13697
13698
13699
13700
13701
13702
13705
13708
13710
13711
13712
13716
13720
13723
13724
13725
13726
13727
13731
13732
13733
13734
13735
13736
13737
13739
13741
13742
13743
13744
13745
13746
13747
13748
13750
13751
13754
13755
13756
13758
13760
13764
13765
13766
13767
13769
13770
13771
13772
13773
13774
13775
13776
13777
13779
13781
13782
13785
13786
13787
13789
13790
13791
13792
13794
13798
13799
13800
13801
13802
13803
13804
13805
13807
13808
13810
13811
13812
13813
13814
13815
13816
13817
13818
13819
13820
13821
13822
13823
13824
13825
13826
13827
13830
13831
13832
13833
13834
13836
13837
13838
13839
13840
13841
13842
13843
13844
13845
13846
13848
13849
13850
13851
13852
13853
13854
13855
13857
13858
13859
13860
13861
13862
13863
13864
13865
13866
13867
13868
13871
13872
13873
13874
13875
13876
13877
13878
13879
13881
13882
13883
13884
13885
13886
13887
13888
13889
13890
13893
13894
13895
13896
13897
13898
13899
13900
13901
13902
13903
13904
13905
13906
13907
13908
13909
13911
13915
13919
13920
13922
13923
13924
13928
13929
13930
13932
13935
13939
13940
13941
13942
13943
13944
13946
13948
13949
13952
13953
13955
13956
13957
13958
13959
13961
13962
13963
13964
13965
13969
13970
13971
13973
13975
13976
13977
13981
13982
13983
13984
13985
13986
13987
13989
13991
13992
13993
13995
13996
13997
13999
14001
14002
14003
14005
14006
14008
14009
14010
14011
14012
14015
14016
14019
14020
14021
14024
14025
14027
14028
14030
14031
14032
14034
14035
14037
14038
14039
14041
14042
14043
14045
14047
14048
14049
14050
14051
14054
14055
14057
14058
14063
14064
14065
14068
14072
14078
14081
14082
14083
14084
14087
14089
14090
14094
14096
14097
14098
14099
14100
14101
14102
14103
14105
14107
14108
14110
14111
14114
14115
14116
14121
14125
14126
14128
14130
14131
14134
14135
14136
14139
14143
14147
14149
14150
14152
14153
14154
14155
14158
14161
14163
14164
14167
14170
14171
14175
14176
14177
14178
14179
14182
14183
14187
14190
14194
14195
14199
14201
14204
14212
14215
14216
14218
14219
14220
14223
14224
14225
14226
14228
14236
14237
14238
14239
14240
14242
14244
14245
14246
14247
14248
14249
14251
14252
14253
14254
14255
14256
14258
14259
14261
14263
14264
14265
14266
14267
14269
14271
14273
14275
14276
14280
14281
14283
14285
14286
14287
14289
14290
14292
14293
14294
14297
14298
14300
14302
14303
14304
14305
14306
14308
14309
14310
14312
14313
14318
14322
14323
14325
14326
14328
14332
14334
14335
14342
14343
14345
14347
14349
14350
14351
14352
14353
14354
14359
14361
14362
14363
14364
14365
14366
14368
14371
14372
14373
14374
14376
14377
14378
14379
14380
14382
14383
14384
14385
14387
14388
14393
14394
14396
14399
14400
14401
14402
14403
14404
14405
14406
14408
14409
14410
14411
14412
14413
14414
14415
14416
14417
14418
14420
14421
14422
14423
14424
14427
14430
14431
14435
14437
14440
14441
14445
14446
14447
14451
14454
14459
14460
14462
14463
14465
14473
14478
14479
14480
14481
14483
14484
14485
14486
14487
14488
14489
14492
14494
14497
14500
14502
14505
14506
14507
14508
14510
14512
14513
14515
14516
14518
14521
14524
14526
14530
14534
14541
14542
14545
14558
14566
14578
14579
14580
14581
14585
14589
14592
14593
14595
14599
14601
14602
14603
14607
14610
14611
14613
14615
14616
14617
14620
14621
14622
14623
14624
14625
14626
14628
14632
14633
14634
14639
14640
14647
14649
14651
14653
14655
14656
14659
14663
14664
14665
14666
14668
14670
14673
14676
14677
14678
14679
14680
14681
14682
14683
14684
14686
14690
14692
14696
14697
14698
14699
14702
14703
14705
14707
14708
14709
14710
14713
14714
14715
14716
14717
14719
14721
14722
14723
14724
14725
14729
14730
14734
14736
14740
14743
14744
14746
14748
14749
14753
14759
14760
14765
14766
14767
14768
14769
14771
14773
14774
14775
14777
14779
14783
14787
14790
14792
14793
14795
14797
14802
14804
14806
14807
14809
14813
14814
14818
14821
14823
14834
14841
14842
14851
14852
14854
14855
14859
14863
14864
14865
14867
14868
14869
14877
14880
14884
14887
14892
14893
14900
14901
14902
14906
14907
14912
14916
14919
14922
14924
14927
14928
14929
14930
14936
14937
14938
14941
14942
14943
14947
14952
14953
14957
14958
14962
14963
14964
14965
14966
14967
14968
14973
14974
14975
14977
14978
14980
14981
14983
14984
14986
14989
14990
14992
14995
14997
14998
15001
15006
15008
15009
15013
15014
15016
15018
15021
15024
15028
15029
15030
15032
15033
15048
15061
15062
15063
15065
15067
15068
15070
15071
15072
15073
15077
15079
15080
15085
15087
15093
15096
15097
15099
15101
15106
15107
15108
15110
15111
15112
15114
15116
15119
15121
15122
15126
15127
15128
15129
15133
15136
15138
15139
15140
15143
15144
15146
15149
15159
15165
15166
15167
15168
15169
15170
15171
15173
15174
15175
15179
15182
15186
15187
15188
15189
15191
15192
15195
15197
15198
15202
15203
15204
15206
15207
15209
15210
15211
15212
15215
15218
15220
15223
15230
15234
15236
15237
15239
15240
15241
15242
15244
15249
15250
15255
15257
15260
15263
15272
15281
15291
15299
15300
15303
15304
15306
15307
15309
15310
15318
15320
15321
15322
15338
15340
15341
15342
15343
15344
15345
15347
15350
15353
15366
15367
15370
15372
15374
15377
15383
15394
15396
15399
15403
15405
15408
15410
15416
15421
15422
15423
15430
15432
15434
15435
15439
15440
15442
15444
15446
15448
15449
15452
15456
15458
15459
15466
15468
15476
15477
15478
15480
15489
15493
15506
15519
15520
15521
15525
15534
15535
15537
15538
15540
15542
15543
15544
15545
15549
15550
15552
15556
15557
15561
15563
15564
15566
15571
15572
15573
15576
15577
15578
15579
15581
15582
15588
15589
15597
15599
15600
15601
15602
15608
15612
15617
15623
15624
15637
15644
15648
15652
15653
15658
15659
15666
15667
15672
15676
15679
15682
15683
15685
15688
15689
15694
15700
15703
15704
15705
15707
15709
15711
15714
15715
15716
15717
15718
15719
15720
15721
15722
15723
15724
15726
15727
15729
15730
15735
15737
15742
15745
15747
15748
15755
15759
15762
15764
15766
15773
15774
15775
15778
15781
15785
15786
15797
15800
15802
15803
15807
15812
15821
15824
15827
15828
15829
15831
15836
15837
15840
15841
15845
15848
15850
15855
15859
15863
15865
15867
15870
15872
15878
15879
15881
15882
15883
15887
15891
15892
15898
15899
15910
15912
15917
15920
15921
15922
15929
15934
15936
15937
15939
15940
15943
15944
15945
15947
15957
15958
15959
15960
15962
15975
15976
15981
15982
15989
15992
15993
15994
15996
16000
16001
16002
16003
16005
16006
16009
16012
16013
16014
16017
16018
16026
16027
16037
16039
16042
16044
16049
16054
16058
16059
16060
16069
16070
16072
16077
16080
16083
16090
16091
16092
16094
16095
16098
16099
16101
16105
16106
16107
16114
16115
16117
16119
16127
16131
16138
16139
16141
16142
16144
16145
16147
16148
16150
16153
16154
16156
16157
16161
16163
16167
16170
16172
16175
16176
16177
16185
16190
16191
16196
16197
16198
16199
16212
16213
16215
16217
16223
16225
16234
16239
16241
16242
16249
16254
16256
16257
16260
16262
16269
16272
16278
16279
16282
16286
16287
16288
16289
16290
16294
16300
16305
16310
16311
16312
16313
16315
16316
16317
16320
16326
16332
16333
16339
16340
16341
16345
16346
16347
16355
16358
16361
16362
16371
16373
16374
16377
16378
16382
16386
16387
16388
16389
16390
16391
16395
16398
16403
16412
16414
16416
16419
16421
16422
16423
16424
16430
16433
16434
16435
16442
16445
16453
16454
16457
16458
16461
16472
16474
16475
16476
16479
16492
16496
16501
16502
16506
16507
16510
16511
16515
16520
16524
16527
16528
16538
16540
16543
16545
16549
16550
16553
16558
16566
16574
16582
16583
16585
16586
16589
16590
16591
16597
16601
16603
16608
16614
16616
16617
16620
16624
16628
16633
16646
16647
16649
16651
16652
16653
16657
16658
16663
16666
16667
16668
16670
16678
16687
16691
16692
16693
16702
16703
16706
16711
16724
16725
16727
16728
16733
16734
16737
16738
16742
16743
16748
16750
16753
16757
16758
16761
16762
16763
16772
16775
16777
16781
16785
16787
16788
16789
16790
16798
16799
16801
16803
16810
16811
16815
16816
16823
16827
16831
16832
16834
16836
16839
16842
16843
16846
16847
16848
16849
16853
16863
16871
16872
16876
16877
16878
16879
16880
16883
16885
16888
16890
16892
16896
16898
16900
16903
16905
16906
16909
16914
16915
16918
16926
16929
16938
16946
16955
16960
16961
16963
16965
16968
16970
16971
16973
16975
16979
16980
16986
16987
16991
16992
16996
17001
17002
17005
17006
17008
17011
17015
17019
17020
17024
17027
17030
17035
17036
17037
17038
17050
17051
17055
17061
17079
17085
17092
17105
17108
17109
17112
17116
17119
17124
17126
17131
17133
17139
17142
17144
17153
17154
17156
17157
17163
17165
17167
17169
17176
17178
17181
17184
17186
17190
17191
17201
17206
17208
17209
17215
17226
17229
17246
17247
17251
17252
17253
17262
17266
17267
17270
17272
17273
17278
17284
17288
17295
17296
17297
17299
17303
17304
17307
17308
17310
17311
17312
17314
17315
17317
17324
17327
17328
17336
17337
17338
17339
17340
17343
17344
17346
17348
17349
17351
17352
17353
17354
17357
17358
17359
17360
17361
17362
17364
17365
17367
17368
17371
17372
17373
17374
17375
17377
17378
17380
17382
17383
17385
17386
17387
17390
17391
17392
17393
17394
17398
17399
17400
17401
17402
17403
17404
17405
17406
17407
17408
17409
17410
17411
17412
17413
17414
17415
17417
17418
17420
17421
17422
17423
17424
17425
17427
17428
17429
17430
17433
17438
17440
17442
17445
17446
17447
17448
17449
17450
17453
17454
17455
17456
17457
17458
17461
17462
17463
17464
17466
17468
17469
17480
17484
17490
17491
17496
17497
17501
17502
17506
17507
17508
17510
17514
17515
17516
17518
17519
17520
17521
17524
17527
17532
17537
17538
17549
17558
17563
17564
17565
17566
17567
17568
17569
17572
17576
17577
17582
17584
17586
17589
17592
17593
17594
17596
17597
17599
17601
17603
17604
17608
17609
17610
17611
17613
17616
17617
17619
17623
17624
17625
17628
17631
17632
17633
17634
17635
17639
17641
17642
17644
17646
17648
17649
17650
17652
17653
17655
17657
17658
17659
17660
17661
17662
17664
17670
17674
17676
17677
17678
17679
17682
17686
17687
17690
17709
17719
17720
17721
17723
17724
17725
17727
17728
17731
17732
17733
17734
17735
17736
17737
17738
17740
17741
17742
17743
17746
17760
17761
17762
17763
17768
17769
17772
17773
17778
17780
17781
17782
17784
17785
17787
17790
17791
17792
17794
17796
17797
17801
17802
17804
17809
17810
17811
17812
17813
17815
17816
17818
17819
17824
17833
17837
17839
17840
17843
17844
17845
17848
17850
17851
17853
17854
17855
17856
17857
17858
17859
17860
17861
17862
17864
17866
17867
17868
17869
17870
17871
17872
17874
17875
17876
17877
17878
17879
17880
17883
17884
17886
17887
17888
17889
17893
17895
17898
17900
17903
17912
17916
17917
17923
17927
17932
17934
17936
17937
17938
17944
17945
17946
17947
17948
17951
17952
17953
17956
17957
17958
17959
17961
17962
17963
17964
17968
17969
17970
17971
17973
17974
17977
17978
17981
17982
17983
17985
17988
17989
17990
17997
17998
18003
18005
18006
18010
18015
18018
18019
18020
18021
18022
18023
18024
18025
18026
18028
18030
18033
18034
18035
18036
18037
18039
18043
18048
18049
18055
18057
18059
18061
18062
18064
18065
18066
18068
18069
18070
18071
18075
18076
18079
18083
18084
18086
18087
18088
18089
18090
18091
18092
18094
18095
18097
18098
18101
18102
18104
18105
18106
18108
18109
18111
18112
18113
18114
18115
18118
18119
18121
18123
18124
18128
18134
18135
18136
18138
18139
18140
18142
18143
18144
18146
18148
18149
18150
18158
18159
18165
18166
18171
18172
18175
18176
18202
18203
18204
18205
18207
18211
18214
18215
18216
18217
18219
18220
18221
18222
18225
18226
18228
18229
18231
18233
18234
18235
18237
18238
18239
18241
18244
18245
18247
18248
18249
18250
18252
18255
18257
18258
18259
18262
18263
18267
18268
18269
18271
18272
18273
18274
18275
18278
18281
18282
18284
18285
18287
18288
18294
18295
18296
18297
18301
18302
18303
18304
18305
18306
18307
18309
18320
18323
18324
18325
18326
18329
18330
18331
18332
18333
18334
18336
18341
18342
18347
18349
18353
18355
18356
18357
18358
18359
18362
18366
18371
18379
18384
18386
18389
18390
18392
18394
18396
18397
18398
18399
18401
18402
18403
18405
18410
18411
18417
18420
18421
18422
18424
18439
18440
18441
18442
18443
18444
18445
18446
18449
18450
18451
18453
18454
18457
18458
18459
18460
18461
18464
18467
18468
18471
18476
18477
18478
18480
18484
18485
18486
18487
18489
18490
18492
18493
18494
18495
18496
18497
18499
18504
18505
18506
18507
18508
18509
18510
18512
18513
18514
18515
18516
18520
18521
18522
18523
18527
18529
18530
18531
18533
18534
18535
18537
18538
18539
18540
18541
18544
18545
18547
18548
18549
18551
18552
18553
18554
18556
18557
18558
18560
18563
18568
18571
18572
18573
18574
18575
18576
18579
18581
18583
18584
18585
18586
18587
18588
18589
18590
18591
18592
18593
18595
18596
18599
18601
18602
18604
18605
18608
18609
18610
18611
18613
18614
18615
18616
18617
18618
18619
18620
18621
18622
18629
18630
18631
18632
18634
18635
18636
18639
18640
18644
18645
18649
18655
18657
18658
18660
18662
18663
18667
18668
18669
18670
18678
18679
18682
18683
18685
18689
18692
18694
18695
18696
18701
18703
18713
18721
18723
18726
18728
18729
18733
18736
18738
18739
18742
18751
18752
18753
18757
18761
18764
18765
18773
18778
18779
18780
18782
18789
18790
18793
18794
18796
18799
18800
18803
18806
18807
18814
18815
18820
18823
18824
18826
18827
18832
18833
18834
18835
18839
18840
18841
18845
18846
18847
18848
18850
18851
18852
18853
18855
18856
18857
18858
18861
18862
18863
18864
18865
18866
18867
18868
18869
18870
18871
18872
18883
18884
18886
18888
18898
18900
18904
18906
18909
18911
18912
18913
18919
18922
18925
18926
18927
18931
18935
18937
18940
18941
18943
18944
18946
18947
18948
18951
18952
18953
18955
18960
18977
18978
18979
18982
18984
18986
18987
18994
19010
19011
19014
19019
19025
19027
19029
19031
19032
19033
19037
19050
19054
19067
19068
19071
19073
19075
19076
19077
19078
19080
19081
19084
19085
19086
19090
19091
19094
19098
19100
19102
19103
19104
19106
19109
19110
19114
19115
19118
19119
19120
19122
19123
19125
19127
19128
19131
19132
19133
19135
19136
19137
19138
19140
19141
19142
19143
19144
19145
19148
19149
19150
19152
19153
19154
19155
19156
19157
19158
19159
19161
19163
19164
19167
19170
19173
19174
19177
19178
19179
19181
19183
19185
19188
19191
19192
19193
19195
19196
19197
19199
19200
19202
19211
19212
19213
19216
19217
19218
19219
19220
19221
19224
19225
19226
19227
19228
19230
19231
19232
19234
19236
19237
19238
19242
19250
19252
19255
19256
19257
19258
19259
19260
19262
19263
19264
19265
19268
19269
19273
19274
19275
19282
19287
19288
19290
19291
19293
19294
19295
19298
19300
19302
19303
19304
19305
19308
19309
19314
19315
19316
19318
19319
19322
19323
19328
19329
19330
19331
19334
19335
19337
19340
19341
19342
19343
19345
19346
19347
19348
19349
19350
19352
19354
19358
19361
19362
19363
19364
19365
19367
19369
19371
19372
19375
19377
19379
19380
19383
19384
19386
19400
19401
19402
19403
19405
19412
19415
19417
19419
19421
19432
19433
19434
19435
19438
19439
19440
19444
19445
19446
19448
19449
19450
19451
19454
19455
19457
19459
19469
19470
19471
19475
19476
19479
19481
19482
19483
19484
19488
19490
19492
19493
19494
19495
19496
19499
19500
19501
19504
19506
19507
19509
19511
19512
19514
19515
19516
19517
19518
19519
19520
19522
19523
19524
19525
19526
19528
19530
19536
19537
19539
19540
19541
19544
19545
19546
19547
19548
19549
19551
19553
19554
19555
19561
19564
19565
19566
19573
19575
19576
19580
19581
19582
19585
19586
19588
19590
19595
19604
19605
19606
19609
19611
19612
19613
19614
19616
19620
19622
19625
19626
19627
19628
19630
19631
19632
19633
19636
19638
19639
19640
19641
19642
19646
19647
19653
19654
19661
19665
19666
19667
19668
19670
19671
19673
19674
19675
19676
19677
19679
19680
19681
19682
19685
19686
19687
19688
19690
19691
19692
19694
19695
19696
19697
19703
19705
19707
19708
19712
19715
19716
19718
19719
19720
19722
19726
19730
19731
19732
19735
19736
19739
19743
19744
19754
19755
19756
19757
19761
19762
19765
19767
19768
19771
19772
19775
19780
19790
19793
19795
19796
19799
19800
19803
19811
19815
19817
19829
19831
19833
19835
19836
19837
19838
19839
19843
19850
19856
19859
19860
19861
19862
19863
19864
19865
19869
19870
19871
19872
19877
19880
19885
19887
19892
19893
19894
19895
19900
19903
19905
19906
19907
19908
19912
19914
19915
19916
19920
19922
19924
19925
19926
19927
19928
19931
19933
19936
19941
19943
19944
19945
19950
19951
19954
19955
19962
19965
19966
19967
19968
19969
19970
19971
19972
19973
19974
19976
19983
19986
19988
19990
19995
19996
19997
19999
20006
20008
20016
20017
20018
20019
20022
20023
20024
20027
20028
20030
20035
20040
20041
20042
20043
20045
20047
20048
20051
20052
20053
20054
20055
20056
20059
20060
20061
20062
20064
20066
20068
20069
20072
20079
20080
20082
20084
20085
20090
20091
20095
20096
20098
20100
20101
20102
20106
20108
20109
20113
20114
20115
20116
20120
20121
20124
20125
20126
20127
20138
20139
20141
20143
20145
20146
20147
20151
20152
20153
20160
20161
20163
20169
20170
20172
20176
20183
20185
20190
20191
20193
20196
20197
20205
20207
20209
20212
20213
20214
20216
20217
20218
20219
20220
20221
20222
20223
20224
20226
20228
20229
20230
20231
20234
20237
20238
20246
20248
20249
20255
20260
20263
20264
20265
20267
20269
20276
20278
20279
20280
20281
20282
20284
20285
20286
20287
20288
20289
20293
20294
20295
20298
20301
20303
20309
20310
20315
20316
20317
20323
20324
20325
20326
20328
20331
20333
20335
20345
20346
20347
20353
20354
20355
20356
20358
20360
20361
20362
20363
20364
20365
20366
20371
20372
20374
20377
20379
20383
20384
20388
20390
20392
20395
20396
20397
20398
20403
20404
20405
20406
20407
20408
20411
20412
20413
20414
20415
20416
20418
20420
20422
20423
20425
20435
20439
20442
20444
20447
20450
20454
20455
20458
20460
20469
20470
20471
20473
20474
20476
20478
20479
20483
20487
20490
20491
20492
20493
20496
20497
20498
20502
20503
20504
20509
20510
20513
20514
20515
20516
20517
20518
20521
20522
20524
20526
20527
20528
20532
20536
20540
20541
20544
20547
20548
20550
20551
20552
20553
20555
20556
20560
20561
20564
20566
20567
20570
20573
20575
20576
20579
20581
20584
20587
20588
20589
20590
20592
20593
20594
20595
20596
20599
20601
20602
20604
20605
20607
20611
20612
20615
20616
20617
20619
20620
20622
20624
20626
20627
20628
20629
20633
20637
20639
20640
20641
20642
20649
20650
20652
20654
20658
20659
20660
20661
20662
20663
20664
20665
20666
20667
20668
20670
20677
20678
20680
20682
20685
20686
20687
20688
20690
20691
20692
20693
20694
20699
20700
20702
20703
20704
20705
20708
20709
20710
20711
20712
20713
20714
20715
20717
20718
20722
20723
20725
20726
20730
20731
20732
20736
20740
20747
20752
20753
20754
20755
20761
20762
20765
20766
20775
20781
20784
20785
20786
20787
20788
20789
20790
20791
20792
20795
20796
20798
20804
20806
20807
20810
20812
20817
20821
20822
20823
20828
20829
20831
20834
20835
20837
20838
20841
20845
20846
20848
20849
20850
20851
20852
20853
20857
20858
20859
20861
20864
20868
20871
20874
20875
20878
20879
20880
20882
20884
20888
20893
20895
20896
20898
20900
20901
20902
20904
20906
20909
20911
20915
20917
20918
20919
20924
20925
20934
20935
20936
20938
20939
20940
20941
20944
20945
20947
20948
20953
20954
20957
20961
20966
20977
20978
20979
20980
20983
20986
20987
20996
20999
21000
21005
21007
21010
21012
21015
21022
21023
21024
21025
21026
21029
21033
21035
21036
21037
21038
21040
21041
21042
21043
21044
21045
21046
21047
21048
21049
21051
21052
21053
21054
21055
21056
21057
21061
21062
21063
21064
21065
21066
21067
21070
21074
21076
21081
21082
21084
21085
21086
21090
21092
21098
21099
21110
21111
21113
21117
21119
21120
21122
21123
21126
21131
21134
21136
21143
21144
21145
21146
21147
21149
21151
21154
21156
21157
21161
21164
21167
21168
21169
21170
21172
21177
21178
21179
21184
21187
21188
21194
21195
21196
21197
21198
21199
21200
21202
21217
21219
21222
21227
21230
21236
21250
21255
21266
21267
21269
21277
21279
21280
21282
21284
21285
21295
21301
21303
21305
21309
21310
21311
21313
21314
21315
21316
21317
21319
21325
21334
21335
21337
21341
21343
21347
21350
21354
21355
21356
21359
21361
21367
21368
21372
21374
21375
21376
21380
21384
21386
21387
21395
21396
21400
21405
21406
21409
21412
21413
21417
21423
21426
21427
21429
21430
21431
21436
21439
21449
21457
21462
21465
21467
21474
21477
21482
21483
21484
21487
21492
21493
21495
21499
21500
21505
21509
21513
21514
21515
21517
21520
21522
21526
21527
21530
21531
21532
21535
21539
21543
21545
21546
21547
21548
21552
21558
21561
21567
21571
21574
21576
21577
21578
21579
21583
21587
21588
21589
21596
21599
21602
21604
21609
21613
21616
21618
21621
21623
21625
21633
21635
21636
21639
21642
21643
21646
21647
21648
21657
21659
21660
21661
21663
21664
21666
21667
21670
21671
21673
21676
21677
21678
21684
21686
21687
21688
21690
21700
21709
21710
21711
21714
21715
21719
21720
21721
21722
21725
21726
21727
21732
21737
21738
21739
21741
21742
21745
21746
21747
21752
21755
21756
21758
21759
21760
21761
21763
21770
21771
21772
21775
21776
21779
21780
21782
21784
21789
21790
21793
21794
21798
21799
21801
21802
21804
21809
21813
21814
21815
21816
21817
21821
21824
21825
21826
21827
21828
21829
21830
21832
21834
21836
21837
21839
21840
