1
3
4
5
6
7
8
9
10
11
13
14
15
16
17
18
19
20
21
23
24
26
27
28
29
30
31
32
33
34
37
38
41
43
44
45
46
47
48
49
50
51
53
55
56
57
58
60
61
62
63
64
65
66
67
68
69
70
71
72
73
74
75
76
77
78
79
80
81
82
83
84
85
86
89
90
91
93
94
95
96
97
99
100
101
102
103
105
107
108
109
110
111
112
113
114
115
116
117
118
119
120
121
122
123
124
125
126
127
128
129
130
131
132
133
134
135
137
138
140
141
142
143
144
146
147
148
149
151
152
153
154
156
157
158
159
161
162
164
165
166
167
168
169
170
171
172
173
175
176
179
180
181
182
184
188
192
193
195
196
197
199
200
203
206
209
210
211
212
213
214
215
216
217
218
219
220
221
222
223
224
225
226
227
230
231
235
249
250
251
252
253
254
289
292
295
301
306
307
312
313
315
317
320
324
325
326
327
332
341
343
347
352
353
354
356
359
360
366
367
368
369
370
377
379
380
382
383
384
385
386
392
395
398
402
405
408
410
411
413
415
416
418
422
423
424
430
431
440
441
451
452
455
456
457
460
461
464
465
466
468
469
470
471
472
473
474
475
477
479
482
486
489
490
491
492
493
496
499
500
502
503
505
510
511
512
513
514
515
516
520
523
524
525
526
527
528
529
530
533
536
538
539
540
541
542
543
544
545
546
547
548
549
550
552
553
554
555
556
557
558
559
560
561
562
563
564
566
567
568
569
570
571
572
573
574
575
576
577
578
580
581
583
584
585
586
587
588
589
590
591
592
595
596
598
601
602
603
604
605
607
608
609
610
611
612
613
614
615
616
618
619
620
621
623
624
628
629
630
631
632
634
635
636
637
638
639
640
641
643
644
645
646
647
648
649
650
651
653
654
655
656
657
658
659
660
661
663
664
665
666
667
668
669
670
671
672
673
674
675
677
678
679
680
681
682
683
684
685
686
687
688
689
691
692
693
694
695
696
697
698
700
701
702
703
704
705
706
707
708
710
711
713
714
715
716
717
718
719
720
721
722
723
727
728
730
732
733
734
736
737
738
739
740
741
742
743
744
745
746
747
748
749
751
752
753
755
757
758
759
761
762
763
764
765
766
767
768
769
770
773
774
775
776
777
778
780
781
782
783
784
785
786
787
789
790
791
792
794
796
798
799
801
804
805
807
808
809
810
811
812
813
816
817
818
822
823
824
825
826
827
828
829
830
831
832
833
834
835
836
838
839
840
841
842
843
845
846
847
848
849
850
851
852
853
854
855
856
857
858
861
862
863
864
865
866
867
868
869
870
871
872
873
874
875
876
877
878
879
880
881
882
883
884
885
886
887
888
889
891
892
894
895
896
897
899
900
901
903
904
905
908
909
910
912
913
916
919
920
922
925
931
932
933
934
935
936
939
941
944
945
946
947
949
950
951
952
953
954
955
958
960
961
963
964
968
969
970
971
976
979
983
986
990
991
992
993
994
995
996
997
998
999
1000
1001
1002
1003
1004
1005
1006
1007
1008
1009
1010
1011
1012
1013
1014
1015
1016
1017
1019
1022
1024
1025
1027
1029
1030
1031
1032
1035
1036
1037
1038
1039
1040
1041
1043
1044
1045
1046
1047
1048
1050
1051
1052
1055
1056
1063
1064
1065
1067
1069
1070
1071
1072
1075
1076
1078
1079
1080
1081
1083
1084
1085
1086
1087
1088
1089
1092
1093
1094
1095
1097
1099
1106
1121
1140
1141
1143
1144
1145
1147
1148
1149
1150
1151
1152
1155
1157
1159
1160
1161
1164
1165
1166
1167
1168
1169
1170
1171
1172
1173
1178
1179
1180
1181
1182
1184
1187
1190
1191
1193
1195
1196
1197
1199
1200
1201
1202
1203
1204
1205
1207
1208
1209
1211
1214
1215
1216
1217
1218
1219
1220
1221
1222
1223
1224
1225
1227
1229
1230
1231
1232
1233
1234
1235
1236
1237
1238
1239
1240
1241
1242
1244
1245
1246
1247
1249
1250
1251
1252
1253
1254
1256
1257
1258
1259
1260
1261
1263
1265
1266
1267
1268
1269
1271
1272
1273
1274
1277
1279
1283
1287
1289
1298
1299
1303
1304
1305
1308
1313
1318
1320
1323
1324
1325
1326
1327
1328
1330
1332
1333
1335
1337
1339
1340
1341
1342
1343
1344
1345
1349
1350
1351
1352
1353
1354
1355
1356
1357
1358
1359
1362
1364
1369
1372
1373
1376
1377
1378
1380
1382
1384
1385
1386
1387
1388
1389
1390
1391
1392
1393
1396
1397
1398
1399
1402
1404
1405
1406
1407
1408
1409
1411
1412
1413
1416
1417
1420
1424
1425
1426
1427
1428
1429
1430
1431
1432
1433
1434
1435
1436
1437
1439
1440
1442
1443
1445
1446
1448
1450
1452
1454
1455
1457
1458
1459
1460
1461
1462
1463
1464
1466
1469
1470
1474
1475
1476
1477
1482
1485
1486
1487
1488
1489
1491
1493
1494
1495
1496
1497
1499
1500
1502
1503
1504
1505
1506
1508
1509
1511
1512
1513
1514
1515
1516
1517
1518
1519
1520
1521
1522
1523
1524
1525
1526
1527
1528
1529
1530
1531
1532
1533
1534
1535
1536
1537
1538
1539
1540
1541
1542
1543
1544
1545
1546
1547
1548
1549
1550
1551
1552
1553
1554
1555
1556
1557
1558
1559
1560
1561
1562
1563
1564
1565
1566
1567
1568
1569
1570
1571
1572
1573
1574
1575
1576
1577
1578
1582
1583
1584
1586
1587
1588
1589
1590
1591
1592
1594
1595
1597
1598
1599
1600
1603
1604
1605
1611
1614
1615
1616
1622
1624
1626
1627
1628
1629
1630
1631
1632
1633
1634
1636
1643
1644
1652
1656
1659
1662
1663
1665
1667
1668
1669
1671
1672
1679
1681
1688
1692
1693
1694
1695
1696
1697
1698
1700
1701
1702
1703
1704
1709
1712
1716
1729
1739
1742
1747
1748
1750
1754
1755
1757
1758
1759
1760
1761
1762
1764
1767
1770
1771
1773
1774
1777
1778
1779
1782
1783
1784
1786
1787
1788
1789
1790
1791
1792
1793
1795
1797
1798
1799
1800
1803
1806
1808
1809
1810
1811
1814
1815
1822
1824
1825
1827
1831
1833
1835
1836
1837
1841
1842
1847
1848
1850
1852
1853
1854
1856
1859
1860
1861
1862
1864
1865
1867
1874
1876
1877
1878
1881
1884
1891
1892
1893
1895
1896
1897
1898
1899
1900
1901
1902
1903
1904
1905
1906
1907
1908
1909
1910
1911
1912
1913
1914
1915
1916
1917
1918
1919
1920
1921
1922
1923
1924
1925
1926
1927
1928
1929
1930
1931
1932
1933
1934
1935
1936
1937
1938
1939
1940
1942
1943
1944
1945
1946
1947
1948
1949
1950
1951
1952
1953
1954
1956
1959
1961
1962
1963
1964
1965
1966
1967
1968
1969
1970
1971
1972
1973
1974
1975
1976
1977
1978
1979
1980
1981
1982
1983
1984
1985
1986
1987
1988
1990
1992
1993
1995
1996
1997
1998
1999
2001
2002
2004
2005
2007
2008
2009
2010
2011
2014
2016
2017
2018
2019
2021
2022
2023
2026
2028
2029
2030
2031
2032
2033
2034
2035
2036
2037
2038
2039
2040
2041
2042
2043
2044
2045
2046
2047
2048
2049
2050
2051
2052
2053
2054
2055
2056
2058
2060
2061
2062
2063
2064
2065
2067
2068
2069
2070
2071
2072
2073
2074
2075
2076
2077
2078
2079
2080
2081
2082
2083
2084
2085
2087
2088
2090
2093
2094
2095
2096
2100
2101
2102
2103
2104
2106
2107
2108
2109
2110
2112
2113
2114
2118
2119
2120
2121
2122
2123
2124
2128
2129
2130
2132
2134
2135
2137
2138
2139
2140
2141
2142
2143
2144
2145
2146
2147
2148
2149
2150
2151
2152
2153
2154
2155
2156
2158
2159
2163
2164
2165
2167
2168
2169
2172
2173
2174
2176
2177
2178
2180
2181
2182
2183
2184
2185
2187
2188
2189
2190
2191
2192
2193
2195
2198
2199
2200
2203
2206
2207
2208
2209
2210
2211
2212
2213
2214
2216
2217
2219
2220
2221
2222
2223
2224
2225
2226
2227
2228
2229
2230
2231
2232
2233
2234
2236
2237
2238
2239
2240
2241
2242
2243
2244
2245
2246
2247
2248
2249
2250
2251
2252
2253
2255
2256
2257
2258
2259
2260
2261
2262
2263
2264
2265
2266
2267
2268
2269
2270
2271
2272
2273
2274
2275
2276
2278
2279
2280
2281
2282
2283
2285
2287
2288
2289
2291
2292
2293
2294
2295
2296
2297
2298
2299
2300
2301
2302
2303
2304
2305
2306
2307
2308
2309
2310
2311
2312
2313
2314
2315
2316
2317
2318
2319
2320
2321
2322
2326
2328
2329
2330
2331
2332
2334
2335
2336
2337
2338
2339
2340
2341
2342
2343
2344
2345
2347
2348
2349
2350
2351
2352
2353
2356
2357
2358
2359
2360
2362
2363
2364
2365
2368
2369
2370
2372
2374
2377
2380
2381
2382
2383
2385
2386
2387
2388
2389
2390
2391
2392
2393
2395
2396
2397
2398
2399
2400
2401
2402
2403
2404
2405
2407
2408
2409
2410
2411
2412
2413
2416
2417
2419
2420
2421
2422
2423
2424
2425
2426
2427
2428
2430
2431
2432
2433
2434
2436
2437
2438
2439
2441
2444
2445
2447
2448
2449
2450
2452
2453
2454
2456
2459
2461
2463
2465
2469
2470
2471
2472
2473
2474
2494
2495
2497
2498
2499
2500
2505
2509
2512
2513
2515
2519
2520
2522
2523
2525
2526
2528
2530
2531
2532
2533
2534
2536
2537
2538
2540
2542
2544
2545
2547
2548
2549
2557
2558
2561
2562
2563
2565
2567
2568
2569
2570
2571
2572
2573
2578
2587
2588
2589
2590
2595
2597
2598
2609
2612
2613
2615
2616
2617
2618
2625
2626
2627
2628
2630
2631
2635
2638
2639
2641
2642
2644
2645
2649
2654
2655
2656
2658
2659
2660
2663
2664
2665
2666
2668
2669
2670
2672
2674
2675
2677
2679
2680
2681
2682
2683
2684
2686
2689
2691
2692
2693
2694
2696
2699
2702
2705
2706
2707
2708
2712
2715
2722
2723
2724
2725
2727
2728
2730
2731
2732
2734
2737
2738
2739
2741
2742
2743
2745
2747
2748
2749
2750
2752
2760
2761
2762
2764
2767
2770
2774
2778
2780
2791
2795
2796
2805
2810
2812
2814
2815
2818
2820
2828
2829
2832
2833
2835
2837
2840
2843
2844
2845
2852
2859
2860
2861
2862
2863
2864
2865
2866
2867
2868
2869
2870
2871
2872
2874
2875
2876
2878
2879
2880
2881
2882
2884
2885
2886
2888
2889
2890
2891
2892
2893
2894
2895
2897
2899
2900
2903
2904
2907
2910
2913
2914
2916
2923
2926
2932
2933
2940
2944
2945
2947
2949
2950
2953
2955
2956
2957
2958
2959
2960
2963
2964
2967
2970
2974
2976
2979
2980
2982
2984
2985
2989
2990
2991
2992
2993
2994
2996
2999
3000
3002
3005
3007
3008
3009
3010
3012
3013
3014
3018
3019
3020
3022
3024
3025
3026
3027
3028
3029
3030
3033
3035
3036
3039
3040
3042
3043
3046
3047
3048
3051
3053
3055
3056
3059
3060
3067
3069
3074
3079
3086
3088
3091
3093
3094
3106
3111
3117
3125
3129
3134
3135
3136
3137
3138
3139
3140
3141
3142
3143
3144
3145
3146
3148
3149
3150
3151
3153
3154
3159
3160
3161
3164
3165
3166
3168
3169
3170
3171
3172
3173
3176
3177
3182
3188
3191
3192
3193
3194
3195
3196
3200
3201
3202
3203
3204
3205
3206
3207
3208
3209
3210
3214
3218
3219
3220
3221
3222
3223
3225
3226
3227
3228
3229
3230
3231
3232
3234
3235
3236
3237
3238
3239
3240
3241
3242
3243
3244
3245
3246
3247
3248
3253
3258
3259
3260
3261
3262
3264
3265
3266
3267
3268
3270
3271
3273
3274
3277
3278
3279
3280
3281
3282
3283
3284
3285
3288
3289
3291
3292
3296
3297
3298
3299
3301
3302
3304
3305
3306
3307
3308
3309
3310
3311
3312
3315
3316
3318
3320
3321
3322
3324
3325
3327
3328
3329
3330
3332
3333
3334
3335
3337
3339
3340
3341
3342
3343
3344
3345
3348
3349
3351
3352
3353
3354
3355
3356
3358
3360
3361
3362
3363
3365
3366
3368
3371
3373
3375
3376
3377
3378
3379
3380
3381
3382
3383
3384
3389
3390
3392
3397
3398
3400
3401
3404
3405
3406
3407
3408
3409
3410
3411
3412
3413
3415
3416
3417
3419
3421
3424
3425
3426
3427
3428
3429
3430
3431
3432
3433
3434
3435
3436
3438
3439
3440
3441
3444
3446
3448
3450
3451
3452
3454
3455
3456
3458
3459
3461
3462
3463
3466
3467
3468
3469
3471
3472
3473
3474
3475
3476
3477
3478
3479
3481
3482
3485
3492
3493
3494
3495
3497
3498
3499
3500
3501
3502
3503
3505
3509
3510
3511
3512
3513
3517
3518
3519
3520
3521
3522
3526
3527
3528
3533
3536
3544
3546
3547
3553
3554
3555
3556
3559
3560
3562
3563
3565
3566
3567
3568
3569
3574
3575
3576
3584
3585
3587
3599
3600
3601
3602
3603
3604
3605
3606
3608
3609
3610
3612
3613
3614
3615
3616
3619
3622
3623
3624
3625
3627
3628
3629
3630
3632
3633
3634
3635
3636
3638
3640
3641
3644
3646
3649
3650
3651
3655
3656
3659
3660
3662
3663
3665
3671
3673
3674
3683
3684
3686
3687
3688
3689
3690
3692
3694
3695
3702
3705
3707
3709
3711
3714
3715
3716
3720
3725
3727
3731
3733
3736
3737
3738
3744
3746
3747
3750
3753
3756
3758
3761
3763
3764
3765
3766
3767
3768
3769
3770
3771
3772
3773
3774
3775
3782
3785
3787
3790
3798
3801
3803
3812
3814
3815
3816
3817
3818
3819
3825
3826
3827
3828
3829
3832
3833
3836
3837
3838
3840
3842
3844
3845
3846
3852
3853
3854
3855
3858
3860
3864
3865
3867
3868
3873
3874
3877
3882
3883
3884
3887
3888
3889
3890
3894
3899
3900
3901
3902
3904
3908
3910
3916
3918
3920
3925
3928
3936
3937
3939
3943
3947
3948
3949
3950
3951
3956
3962
3963
3968
3969
3970
3971
3972
3974
3975
3976
3977
3984
3986
3988
3991
4001
4005
4006
4007
4009
4018
4019
4020
4021
4022
4023
4024
4026
4028
4030
4031
4032
4033
4036
4038
4039
4040
4041
4042
4043
4062
4063
4065
4066
4067
4068
4071
4073
4074
4075
4089
4090
4094
4096
4097
4099
4100
4101
4102
4104
4105
4107
4109
4110
4112
4118
4120
4129
4136
4137
4138
4139
4140
4141
4142
4143
4144
4148
4150
4151
4152
4153
4154
4155
4158
4159
4161
4165
4167
4171
4174
4176
4178
4179
4181
4182
4183
4185
4187
4189
4190
4191
4192
4198
4202
4203
4204
4205
4206
4207
4208
4210
4211
4212
4213
4214
4215
4216
4217
4219
4221
4222
4223
4226
4227
4230
4232
4233
4235
4237
4242
4244
4248
4249
4250
4251
4252
4253
4254
4255
4256
4259
4261
4262
4263
4264
4265
4266
4267
4269
4270
4272
4273
4274
4276
4277
4278
4280
4281
4282
4283
4284
4285
4290
4292
4296
4297
4298
4299
4301
4304
4306
4307
4308
4309
4310
4311
4312
4313
4315
4317
4318
4321
4323
4324
4325
4326
4327
4328
4329
4330
4331
4332
4334
4335
4336
4338
4340
4341
4344
4345
4346
4349
4350
4351
4352
4354
4355
4356
4358
4361
4362
4363
4365
4366
4369
4373
4374
4378
4379
4380
4386
4389
4390
4391
4395
4396
4399
4400
4401
4403
4404
4406
4407
4408
4410
4412
4414
4416
4417
4418
4419
4420
4421
4423
4425
4426
4427
4428
4430
4431
4432
4434
4435
4436
4438
4439
4440
4441
4442
4444
4445
4450
4451
4453
4454
4455
4456
4458
4459
4462
4463
4464
4465
4466
4467
4468
4469
4470
4471
4473
4474
4475
4476
4477
4478
4479
4481
4483
4484
4485
4486
4487
4489
4490
4491
4493
4494
4495
4496
4497
4498
4499
4500
4501
4504
4505
4506
4508
4509
4510
4511
4512
4515
4518
4519
4521
4522
4529
4530
4531
4533
4536
4538
4539
4540
4542
4543
4544
4545
4546
4547
4549
4550
4551
4552
4555
4556
4559
4560
4561
4562
4565
4567
4568
4569
4570
4571
4572
4574
4576
4577
4579
4580
4583
4585
4587
4588
4591
4594
4595
4596
4599
4600
4603
4604
4605
4606
4608
4609
4610
4611
4612
4613
4614
4617
4618
4619
4620
4621
4622
4623
4624
4625
4626
4627
4628
4629
4631
4632
4633
4634
4635
4636
4639
4640
4641
4642
4646
4647
4648
4649
4650
4651
4652
4655
4656
4662
4663
4664
4665
4666
4667
4668
4669
4670
4671
4672
4676
4677
4678
4679
4680
4681
4683
4685
4686
4687
4688
4690
4691
4692
4694
4695
4696
4699
4702
4705
4708
4709
4710
4711
4712
4714
4715
4716
4717
4719
4722
4723
4724
4725
4726
4727
4728
4729
4730
4732
4733
4734
4736
4737
4739
4740
4743
4746
4748
4750
4751
4752
4756
4758
4759
4760
4761
4762
4768
4770
4771
4773
4774
4775
4777
4778
4779
4780
4781
4783
4789
4790
4793
4795
4797
4798
4799
4800
4801
4802
4804
4806
4807
4808
4812
4813
4814
4815
4816
4818
4819
4824
4829
4831
4833
4836
4837
4839
4840
4842
4843
4844
4847
4848
4849
4851
4852
4853
4854
4855
4860
4861
4863
4864
4865
4866
4867
4869
4871
4874
4875
4877
4878
4879
4880
4883
4884
4885
4886
4887
4888
4890
4894
4895
4896
4897
4900
4901
4903
4905
4906
4908
4909
4910
4912
4913
4916
4917
4921
4922
4923
4924
4925
4926
4927
4928
4929
4931
4932
4933
4934
4935
4936
4938
4939
4940
4941
4942
4943
4945
4946
4947
4950
4951
4953
4957
4958
4960
4961
4964
4965
4967
4968
4970
4972
4973
4976
4977
4978
4979
4980
4981
4982
4984
4985
4986
4987
4989
4990
4991
4993
4994
4998
4999
5001
5002
5003
5004
5005
5007
5008
5009
5011
5012
5016
5017
5020
5021
5022
5023
5025
5026
5027
5028
5029
5031
5033
5034
5037
5038
5039
5041
5042
5043
5046
5047
5048
5051
5055
5057
5060
5061
5062
5063
5064
5065
5068
5071
5072
5073
5076
5078
5079
5081
5083
5084
5086
5088
5090
5091
5092
5093
5094
5096
5098
5100
5101
5102
5104
5105
5109
5111
5112
5114
5115
5117
5119
5120
5121
5122
5123
5124
5125
5126
5127
5129
5130
5131
5132
5133
5134
5135
5137
5138
5139
5141
5142
5143
5144
5146
5148
5149
5151
5153
5154
5156
5157
5158
5162
5163
5165
5167
5168
5172
5174
5175
5176
5178
5179
5180
5181
5183
5184
5185
5186
5187
5189
5191
5193
5195
5196
5198
5199
5201
5202
5203
5204
5205
5206
5207
5208
5209
5210
5211
5212
5213
5215
5216
5217
5218
5219
5221
5222
5223
5224
5225
5226
5227
5231
5234
5235
5237
5239
5240
5247
5248
5249
5250
5253
5254
5255
5256
5258
5259
5264
5265
5266
5267
5269
5270
5272
5273
5275
5277
5278
5282
5284
5288
5290
5291
5292
5293
5294
5295
5296
5297
5298
5299
5300
5301
5302
5306
5307
5311
5312
5313
5314
5315
5316
5317
5319
5320
5321
5322
5323
5326
5328
5329
5330
5331
5332
5333
5334
5335
5336
5338
5339
5340
5341
5343
5344
5345
5346
5347
5348
5353
5357
5358
5360
5362
5363
5364
5369
5372
5373
5375
5377
5378
5379
5381
5385
5386
5387
5388
5389
5390
5391
5392
5393
5395
5398
5399
5400
5401
5402
5403
5406
5407
5410
5411
5412
5413
5417
5418
5419
5420
5421
5422
5423
5425
5426
5427
5428
5429
5430
5431
5432
5434
5435
5437
5439
5441
5443
5444
5445
5446
5447
5448
5450
5451
5454
5455
5456
5461
5463
5466
5467
5471
5472
5473
5474
5475
5476
5477
5478
5481
5482
5483
5484
5485
5486
5487
5488
5489
5491
5493
5494
5495
5496
5497
5498
5499
5501
5503
5504
5505
5506
5507
5508
5510
5511
5514
5515
5517
5519
5520
5521
5522
5524
5529
5530
5531
5532
5535
5538
5540
5541
5542
5544
5547
5548
5549
5550
5551
5552
5553
5554
5555
5557
5561
5563
5564
5565
5566
5567
5568
5569
5570
5572
5574
5575
5576
5577
5578
5579
5580
5583
5584
5586
5590
5591
5592
5593
5594
5595
5596
5597
5598
5603
5604
5606
5607
5608
5609
5610
5612
5613
5614
5615
5617
5619
5620
5621
5622
5623
5624
5625
5626
5627
5629
5630
5631
5633
5634
5635
5636
5638
5639
5642
5643
5647
5652
5654
5656
5657
5658
5659
5660
5661
5663
5664
5665
5667
5669
5671
5672
5673
5674
5676
5677
5682
5683
5685
5688
5690
5691
5692
5694
5695
5696
5697
5698
5699
5701
5702
5703
5704
5705
5708
5709
5711
5712
5713
5714
5715
5716
5717
5718
5725
5727
5729
5736
5737
5738
5741
5742
5743
5748
5752
5753
5754
5755
5757
5758
5759
5760
5761
5764
5765
5766
5767
5768
5769
5770
5772
5773
5774
5776
5777
5778
5779
5782
5784
5785
5786
5787
5788
5789
5790
5791
5792
5793
5797
5798
5802
5803
5804
5805
5807
5808
5809
5810
5811
5812
5814
5816
5817
5818
5823
5824
5825
5828
5829
5830
5831
5832
5836
5837
5841
5843
5845
5846
5847
5848
5849
5850
5851
5853
5855
5857
5858
5859
5860
5861
5862
5863
5866
5867
5868
5871
5872
5873
5874
5875
5879
5881
5884
5885
5887
5888
5891
5892
5893
5896
5897
5898
5899
5900
5902
5904
5905
5906
5907
5910
5911
5912
5913
5914
5915
5918
5919
5920
5921
5922
5924
5927
5928
5931
5932
5934
5935
5940
5941
5942
5944
5947
5949
5950
5951
5952
5954
5955
5956
5957
5960
5961
5962
5964
5965
5967
5968
5969
5973
5974
5976
5977
5980
5981
5985
5986
5987
5988
5990
5991
5994
5995
5996
5997
5998
5999
6001
6003
6004
6005
6006
6008
6009
6010
6012
6013
6015
6016
6017
6020
6021
6023
6024
6025
6026
6027
6028
6029
6030
6032
6033
6037
6040
6041
6042
6043
6044
6046
6047
6048
6049
6050
6054
6055
6056
6057
6063
6065
6069
6070
6072
6075
6076
6077
6079
6082
6083
6084
6086
6087
6092
6099
6102
6103
6105
6109
6110
6111
6114
6115
6116
6118
6120
6122
6124
6125
6128
6129
6134
6139
6140
6144
6146
6147
6148
6152
6153
6154
6157
6158
6160
6167
6168
6173
6174
6175
6177
6179
6180
6184
6190
6191
6192
6198
6201
6202
6203
6204
6205
6207
6210
6211
6212
6214
6215
6216
6217
6219
6224
6225
6226
6227
6228
6230
6232
6234
6235
6236
6237
6238
6239
6241
6242
6243
6248
6251
6252
6253
6255
6256
6259
6260
6262
6266
6270
6272
6273
6274
6275
6281
6284
6285
6286
6288
6289
6290
6291
6294
6297
6298
6299
6300
6301
6302
6303
6304
6305
6306
6307
6308
6309
6312
6315
6319
6321
6325
6326
6327
6330
6331
6334
6335
6336
6338
6339
6340
6341
6342
6343
6344
6345
6347
6348
6349
6350
6352
6355
6356
6359
6362
6363
6364
6365
6367
6372
6376
6378
6379
6383
6385
6386
6387
6388
6389
6390
6392
6393
6394
6395
6396
6397
6398
6399
6400
6401
6404
6405
6407
6408
6411
6412
6414
6417
6418
6420
6421
6422
6423
6425
6426
6430
6431
6433
6435
6437
6439
6440
6441
6442
6444
6447
6448
6449
6450
6451
6452
6453
6454
6455
6456
6458
6459
6460
6462
6464
6465
6467
6468
6469
6470
6471
6474
6475
6477
6478
6479
6480
6481
6482
6483
6488
6490
6492
6493
6495
6496
6499
6500
6503
6505
6506
6510
6511
6513
6514
6515
6517
6518
6521
6522
6523
6527
6531
6533
6534
6535
6536
6537
6540
6541
6545
6546
6547
6550
6551
6553
6554
6556
6558
6559
6560
6561
6562
6563
6567
6568
6571
6572
6573
6574
6575
6576
6577
6578
6579
6583
6587
6589
6590
6591
6593
6594
6595
6596
6597
6598
6600
6601
6602
6604
6605
6608
6611
6612
6613
6614
6615
6616
6617
6618
6619
6620
6621
6622
6623
6629
6632
6636
6638
6639
6640
6643
6648
6649
6651
6653
6654
6655
6658
6660
6661
6662
6663
6665
6667
6668
6669
6670
6673
6674
6675
6676
6677
6678
6679
6681
6682
6683
6686
6687
6691
6692
6693
6694
6695
6696
6698
6700
6702
6703
6705
6706
6707
6708
6709
6710
6712
6713
6715
6716
6718
6720
6721
6722
6723
6725
6726
6728
6735
6737
6739
6740
6741
6743
6744
6745
6746
6747
6748
6749
6751
6752
6753
6754
6757
6758
6763
6764
6765
6766
6767
6768
6770
6772
6773
6774
6775
6776
6778
6779
6781
6783
6784
6785
6786
6787
6788
6791
6794
6795
6797
6798
6799
6800
6804
6805
6806
6807
6808
6809
6810
6813
6814
6815
6820
6822
6823
6825
6826
6829
6830
6831
6833
6834
6837
6838
6840
6841
6846
6847
6850
6851
6855
6857
6858
6860
6863
6864
6865
6866
6867
6868
6870
6875
6876
6877
6878
6879
6880
6882
6885
6886
6887
6889
6890
6892
6894
6898
6900
6901
6902
6905
6908
6909
6912
6915
6916
6917
6919
6920
6925
6926
6928
6929
6930
6931
6932
6934
6935
6936
6937
6939
6940
6941
6944
6945
6946
6950
6951
6952
6953
6954
6956
6958
6959
6960
6961
6964
6965
6966
6968
6969
6973
6974
6978
6980
6981
6982
6985
6986
6987
6990
6991
6993
6994
6995
6996
6997
6998
6999
7000
7002
7003
7004
7009
7010
7011
7013
7017
7018
7019
7025
7026
7029
7031
7038
7039
7041
7042
7044
7045
7046
7048
7049
7050
7051
7052
7055
7056
7057
7059
7062
7063
7064
7066
7068
7069
7072
7073
7075
7076
7077
7078
7079
7081
7082
7083
7084
7085
7087
7088
7090
7091
7092
7093
7095
7096
7097
7098
7099
7100
7101
7103
7104
7107
7108
7110
7111
7112
7113
7115
7116
7117
7118
7120
7121
7122
7123
7126
7127
7128
7129
7134
7135
7136
7137
7138
7142
7150
7152
7153
7154
7155
7156
7158
7160
7161
7162
7163
7164
7165
7166
7167
7168
7169
7170
7171
7172
7173
7175
7176
7177
7178
7180
7181
7182
7183
7186
7189
7192
7193
7194
7195
7196
7198
7199
7200
7201
7202
7203
7204
7205
7206
7207
7208
7212
7213
7214
7215
7216
7217
7218
7219
7220
7222
7223
7224
7225
7226
7228
7230
7231
7232
7237
7238
7239
7241
7242
7243
7244
7245
7246
7247
7250
7254
7256
7257
7258
7259
7260
7261
7263
7264
7266
7267
7268
7270
7271
7273
7276
7277
7278
7279
7280
7282
7283
7284
7285
7286
7287
7288
7289
7290
7291
7292
7293
7294
7297
7299
7301
7302
7305
7306
7307
7309
7310
7313
7314
7315
7316
7317
7318
7319
7321
7322
7323
7324
7325
7326
7327
7329
7332
7333
7334
7335
7336
7337
7338
7340
7341
7342
7344
7346
7348
7349
7350
7353
7354
7357
7358
7363
7364
7365
7370
7372
7373
7375
7378
7379
7380
7382
7385
7386
7388
7390
7391
7393
7394
7396
7400
7403
7406
7412
7418
7419
7420
7422
7424
7425
7427
7428
7432
7435
7436
7437
7438
7440
7441
7442
7443
7445
7449
7450
7451
7452
7454
7455
7458
7459
7460
7461
7462
7463
7464
7465
7466
7467
7469
7470
7471
7472
7473
7474
7475
7476
7478
7479
7482
7484
7485
7486
7491
7492
7494
7496
7497
7498
7502
7503
7504
7505
7506
7507
7511
7513
7514
7516
7517
7518
7520
7521
7523
7524
7525
7526
7528
7530
7533
7536
7539
7540
7541
7542
7546
7548
7551
7552
7554
7556
7557
7558
7559
7561
7562
7563
7564
7565
7566
7567
7568
7570
7571
7573
7574
7575
7578
7584
7585
7587
7590
7591
7592
7595
7596
7597
7601
7603
7604
7606
7607
7608
7610
7612
7613
7616
7617
7619
7622
7623
7625
7626
7628
7629
7630
7631
7634
7637
7638
7641
7642
7644
7646
7650
7651
7652
7655
7656
7657
7658
7659
7660
7661
7663
7664
7665
7666
7671
7672
7673
7674
7679
7681
7682
7685
7686
7688
7690
7691
7693
7694
7696
7698
7703
7704
7705
7707
7708
7710
7711
7712
7713
7715
7716
7717
7718
7719
7721
7722
7723
7724
7725
7727
7728
7729
7730
7731
7732
7733
7734
7736
7738
7739
7740
7741
7742
7746
7749
7751
7753
7755
7756
7757
7758
7759
7760
7763
7764
7768
7769
7770
7773
7775
7777
7778
7779
7783
7785
7786
7787
7788
7789
7792
7793
7794
7795
7798
7799
7801
7805
7806
7810
7813
7815
7818
7820
7824
7828
7830
7832
7834
7835
7837
7841
7843
7844
7849
7852
7854
7855
7856
7858
7860
7862
7864
7867
7868
7871
7872
7873
7874
7876
7878
7881
7882
7884
7886
7887
7889
7891
7892
7894
7895
7896
7902
7903
7904
7905
7906
7908
7911
7913
7914
7915
7917
7918
7919
7920
7921
7923
7924
7927
7928
7929
7931
7934
7935
7937
7938
7939
7940
7941
7942
7943
7944
7949
7950
7951
7952
7953
7954
7955
7959
7962
7963
7964
7966
7969
7972
7973
7976
7977
7981
7982
7983
7984
7987
7988
7989
7990
7991
7992
7994
7995
7997
7998
7999
8000
8001
8004
8005
8006
8007
8008
8009
8012
8017
8019
8020
8021
8022
8023
8024
8025
8027
8028
8029
8031
8033
8034
8035
8036
8037
8038
8039
8040
8042
8043
8044
8045
8046
8050
8051
8052
8054
8056
8060
8061
8062
8064
8065
8066
8068
8070
8071
8072
8074
8077
8078
8080
8081
8082
8084
8086
8087
8089
8090
8093
8098
8099
8101
8104
8105
8106
8110
8112
8113
8114
8115
8116
8119
8120
8121
8124
8125
8126
8127
8129
8131
8133
8136
8138
8139
8140
8141
8142
8144
8145
8147
8149
8150
8151
8153
8154
8155
8156
8157
8159
8161
8162
8163
8164
8166
8168
8170
8171
8172
8173
8174
8175
8177
8178
8179
8182
8183
8184
8186
8191
8193
8195
8197
8198
8199
8201
8202
8203
8204
8205
8206
8207
8208
8210
8211
8212
8213
8215
8216
8218
8220
8221
8222
8225
8229
8230
8231
8232
8233
8236
8237
8239
8240
8242
8243
8244
8245
8246
8250
8251
8252
8254
8255
8256
8257
8258
8259
8261
8263
8264
8267
8268
8271
8272
8273
8275
8276
8278
8281
8282
8285
8286
8288
8289
8290
8294
8295
8297
8298
8299
8300
8303
8307
8309
8310
8312
8313
8315
8318
8320
8322
8325
8326
8327
8328
8329
8330
8332
8333
8335
8337
8345
8346
8347
8348
8352
8354
8360
8362
8364
8365
8368
8371
8375
8376
8378
8380
8381
8382
8386
8388
8389
8390
8392
8393
8394
8396
8397
8398
8399
8400
8401
8402
8403
8404
8405
8407
8408
8409
8410
8412
8414
8416
8417
8418
8419
8420
8421
8422
8426
8428
8430
8432
8433
8434
8435
8436
8437
8439
8440
8446
8447
8448
8449
8450
8451
8452
8453
8454
8456
8460
8462
8463
8464
8467
8468
8469
8470
8472
8473
8474
8477
8478
8481
8482
8483
8484
8485
8486
8490
8491
8492
8493
8494
8495
8496
8497
8498
8500
8501
8502
8503
8505
8506
8508
8509
8510
8511
8512
8513
8516
8521
8522
8524
8526
8529
8531
8532
8536
8538
8539
8540
8541
8542
8543
8547
8548
8549
8552
8553
8555
8556
8557
8560
8561
8562
8564
8565
8568
8569
8570
8571
8572
8573
8577
8578
8580
8581
8583
8584
8586
8588
8589
8590
8591
8593
8594
8596
8597
8598
8599
8600
8601
8602
8603
8604
8606
8607
8610
8611
8613
8615
8622
8625
8626
8627
8628
8629
8632
8636
8638
8639
8641
8643
8645
8646
8647
8648
8649
8650
8651
8652
8653
8654
8655
8656
8657
8658
8662
8663
8664
8665
8666
8667
8668
8669
8670
8671
8672
8673
8674
8675
8676
8677
8678
8679
8680
8681
8682
8684
8685
8686
8690
8691
8692
8693
8694
8695
8702
8707
8708
8709
8710
8711
8712
8713
8715
8716
8720
8723
8724
8725
8728
8732
8733
8737
8738
8739
8740
8741
8745
8746
8750
8752
8753
8754
8756
8757
8758
8759
8761
8762
8763
8766
8768
8770
8771
8772
8773
8775
8776
8780
8781
8783
8784
8785
8786
8787
8788
8793
8795
8797
8798
8801
8803
8804
8806
8807
8810
8812
8814
8815
8817
8820
8823
8824
8826
8827
8828
8829
8830
8831
8833
8835
8838
8839
8842
8843
8845
8846
8847
8848
8849
8851
8854
8856
8857
8858
8860
8861
8863
8864
8867
8869
8870
8871
8872
8875
8876
8878
8879
8883
8884
8886
8887
8888
8890
8891
8892
8894
8896
8897
8898
8899
8900
8901
8902
8903
8905
8906
8908
8910
8914
8915
8916
8917
8918
8919
8922
8923
8924
8925
8926
8927
8929
8931
8932
8934
8936
8937
8938
8939
8942
8943
8944
8945
8947
8948
8950
8951
8954
8956
8957
8959
8962
8965
8966
8967
8968
8969
8970
8971
8976
8977
8980
8981
8982
8983
8984
8985
8986
8987
8989
8990
8991
8992
8993
8994
8995
9000
9001
9003
9006
9007
9011
9012
9013
9014
9015
9019
9022
9023
9024
9025
9026
9028
9029
9030
9031
9032
9033
9034
9036
9037
9039
9042
9043
9047
9049
9050
9051
9052
9054
9055
9056
9057
9058
9059
9060
9061
9062
9064
9065
9066
9070
9071
9072
9073
9074
9079
9080
9081
9082
9083
9087
9088
9092
9093
9094
9096
9097
9098
9100
9101
9104
9105
9106
9107
9108
9109
9110
9111
9112
9116
9118
9119
9123
9128
9130
9131
9132
9133
9134
9138
9139
9140
9141
9142
9144
9146
9147
9148
9149
9150
9151
9153
9154
9155
9158
9159
9161
9163
9165
9166
9167
9168
9169
9171
9173
9174
9175
9176
9179
9180
9183
9184
9187
9188
9189
9191
9193
9198
9199
9201
9204
9206
9207
9212
9213
9214
9215
9216
9217
9219
9220
9221
9224
9225
9226
9227
9228
9229
9230
9231
9232
9234
9238
9239
9240
9242
9243
9244
9246
9250
9251
9252
9253
9255
9257
9258
9259
9260
9265
9266
9269
9270
9271
9272
9273
9274
9275
9276
9277
9279
9281
9283
9290
9293
9294
9295
9296
9297
9300
9303
9304
9305
9306
9307
9308
9309
9310
9313
9314
9317
9318
9319
9322
9324
9327
9330
9331
9333
9334
9335
9336
9337
9338
9342
9343
9344
9345
9346
9347
9349
9350
9352
9354
9355
9362
9363
9365
9366
9367
9368
9369
9370
9371
9372
9376
9377
9381
9382
9383
9385
9386
9387
9390
9391
9392
9395
9396
9397
9398
9399
9400
9401
9402
9404
9405
9407
9411
9412
9413
9414
9415
9416
9417
9418
9420
9421
9422
9423
9425
9426
9427
9430
9431
9437
9440
9441
9442
9445
9446
9447
9448
9449
9450
9452
9453
9454
9455
9457
9460
9463
9464
9465
9467
9469
9470
9471
9475
9476
9479
9481
9482
9484
9486
9488
9490
9492
9493
9496
9498
9500
9501
9502
9503
9504
9505
9513
9514
9515
9516
9521
9522
9523
9528
9532
9533
9535
9536
9537
9540
9542
9543
9545
9546
9548
9549
9551
9552
9557
9558
9566
9567
9569
9570
9571
9572
9574
9575
9576
9577
9578
9579
9581
9584
9585
9586
9587
9588
9590
9591
9595
9597
9602
9605
9608
9609
9610
9615
9616
9618
9622
9624
9626
9627
9628
9629
9630
9633
9634
9635
9636
9637
9639
9640
9641
9642
9643
9644
9647
9652
9653
9654
9655
9656
9659
9660
9661
9664
9665
9666
9667
9668
9670
9673
9674
9675
9676
9677
9678
9679
9681
9684
9686
9689
9690
9691
9692
9693
9695
9697
9698
9703
9704
9705
9706
9707
9711
9712
9713
9715
9717
9720
9721
9724
9726
9727
9728
9730
9733
9734
9735
9737
9738
9739
9740
9741
9742
9745
9752
9753
9754
9755
9756
9757
9759
9760
9763
9764
9765
9767
9770
9771
9772
9773
9774
9776
9777
9778
9779
9780
9781
9783
9785
9786
9787
9792
9795
9797
9798
9799
9800
9801
9802
9803
9806
9807
9808
9810
9812
9815
9820
9821
9826
9827
9828
9835
9836
9837
9838
9839
9842
9845
9849
9850
9856
9858
9859
9860
9861
9863
9867
9869
9870
9874
9876
9877
9878
9879
9881
9884
9886
9887
9888
9889
9890
9892
9894
9895
9896
9897
9898
9899
9900
9901
9902
9903
9905
9907
9908
9910
9912
9913
9916
9921
9922
9923
9924
9925
9927
9928
9929
9930
9931
9932
9935
9936
9937
9938
9939
9941
9945
9947
9948
9949
9951
9952
9953
9954
9956
9958
9960
9961
9962
9963
9964
9965
9966
9967
9969
9970
9972
9975
9976
9977
9979
9980
9981
9982
9983
9984
9988
9989
9990
9991
9992
9993
9994
9997
9999
10002
10003
10010
10011
10012
10013
10014
10015
10016
10017
10018
10022
10023
10025
10028
10029
10031
10033
10034
10036
10038
10040
10041
10042
10043
10044
10045
10046
10047
10048
10050
10051
10052
10053
10054
10055
10056
10057
10058
10059
10060
10062
10064
10065
10066
10067
10068
10070
10073
10074
10075
10076
10077
10078
10081
10082
10083
10084
10086
10087
10088
10090
10091
10092
10093
10094
10095
10097
10100
10102
10105
10106
10107
10108
10109
10110
10113
10117
10118
10119
10121
10122
10123
10124
10127
10128
10134
10135
10140
10141
10142
10147
10148
10151
10152
10153
10155
10156
10157
10158
10159
10160
10162
10163
10164
10165
10169
10171
10175
10179
10181
10185
10186
10187
10188
10189
10190
10191
10192
10195
10196
10197
10199
10200
10202
10206
10207
10209
10210
10211
10213
10217
10218
10219
10220
10221
10223
10224
10225
10226
10227
10228
10229
10231
10232
10234
10235
10236
10237
10240
10241
10243
10244
10245
10246
10247
10248
10249
10250
10252
10253
10254
10255
10258
10260
10262
10263
10264
10265
10266
10269
10271
10272
10273
10276
10277
10279
10283
10284
10286
10289
10290
10291
10295
10296
10297
10298
10299
10300
10301
10302
10303
10304
10305
10306
10307
10308
10311
10313
10314
10315
10318
10319
10322
10323
10324
10325
10326
10327
10328
10329
10330
10331
10332
10333
10335
10336
10337
10338
10339
10340
10343
10344
10345
10346
10349
10350
10351
10352
10353
10354
10355
10356
10360
10362
10363
10366
10367
10371
10372
10373
10375
10377
10378
10380
10381
10383
10387
10388
10389
10390
10391
10394
10395
10397
10398
10399
10401
10402
10404
10406
10409
10412
10413
10414
10416
10417
10418
10419
10420
10422
10423
10424
10425
10427
10429
10430
10431
10432
10433
10436
10438
10440
10444
10447
10448
10451
10453
10455
10456
10459
10460
10461
10462
10463
10465
10468
10470
10473
10476
10478
10479
10481
10483
10487
10488
10489
10491
10494
10496
10497
10499
10500
10501
10504
10505
10506
10508
10509
10510
10511
10512
10513
10514
10515
10517
10518
10519
10520
10521
10522
10523
10524
10525
10526
10527
10528
10530
10531
10532
10534
10535
10536
10539
10542
10544
10546
10547
10548
10549
10550
10551
10552
10553
10554
10555
10556
10559
10561
10563
10564
10567
10570
10574
10575
10576
10583
10584
10585
10586
10588
10589
10590
10591
10592
10594
10598
10607
10610
10611
10612
10613
10615
10617
10620
10621
10623
10625
10626
10627
10628
10629
10631
10633
10635
10636
10638
10639
10641
10642
10643
10644
10648
10649
10650
10658
10659
10662
10663
10664
10665
10666
10667
10668
10669
10671
10672
10673
10674
10675
10676
10677
10678
10680
10681
10683
10686
10687
10688
10691
10692
10694
10695
10697
10698
10699
10700
10701
10702
10703
10708
10709
10711
10712
10713
10714
10718
10719
10720
10721
10723
10725
10726
10727
10728
10729
10730
10731
10733
10734
10735
10738
10739
10742
10748
10749
10750
10751
10752
10754
10755
10757
10759
10760
10761
10763
10765
10766
10767
10768
10772
10773
10774
10775
10776
10777
10780
10781
10782
10783
10784
10786
10787
10791
10792
10793
10796
10798
10799
10800
10802
10803
10806
10807
10808
10809
10810
10811
10813
10814
10818
10822
10824
10825
10828
10830
10832
10833
10835
10837
10840
10841
10842
10843
10844
10846
10848
10849
10852
10855
10856
10859
10860
10862
10864
10865
10867
10870
10871
10872
10874
10875
10876
10877
10879
10880
10881
10882
10883
10884
10886
10889
10890
10894
10896
10897
10898
10899
10902
10906
10907
10908
10909
10910
10912
10913
10914
10915
10919
10920
10921
10924
10927
10928
10932
10933
10935
10936
10938
10939
10940
10941
10943
10944
10945
10946
10947
10948
10951
10952
10953
10955
10956
10957
10958
10960
10962
10963
10964
10968
10969
10972
10973
10974
10975
10980
10984
10986
10987
10989
10994
10997
10998
10999
11001
11002
11003
11004
11005
11009
11012
11013
11016
11017
11018
11020
11022
11023
11024
11025
11027
11028
11029
11031
11032
11033
11034
11036
11039
11040
11041
11044
11045
11046
11049
11051
11052
11053
11054
11055
11056
11057
11059
11060
11061
11062
11064
11066
11067
11068
11069
11071
11073
11074
11077
11078
11079
11081
11082
11083
11084
11085
11086
11088
11089
11094
11095
11096
11097
11098
11099
11102
11103
11104
11105
11106
11107
11108
11109
11110
11111
11113
11114
11115
11119
11120
11121
11123
11126
11128
11129
11130
11133
11134
11135
11137
11138
11139
11140
11141
11143
11144
11145
11146
11147
11149
11151
11152
11153
11154
11155
11156
11158
11159
11160
11161
11162
11163
11164
11165
11168
11169
11170
11171
11172
11173
11174
11177
11179
11180
11181
11182
11183
11185
11186
11187
11188
11190
11198
11201
11203
11206
11208
11209
11210
11211
11212
11214
11216
11218
11219
11220
11221
11222
11223
11225
11226
11227
11235
11236
11238
11239
11242
11243
11244
11247
11248
11252
11255
11257
11259
11260
11262
11263
11266
11269
11270
11273
11274
11275
11276
11277
11279
11282
11283
11284
11292
11293
11294
11296
11298
11299
11301
11304
11305
11306
11307
11309
11310
11311
11313
11316
11318
11319
11320
11323
11325
11326
11327
11329
11330
11331
11332
11334
11335
11339
11340
11341
11343
11344
11345
11347
11349
11350
11351
11352
11354
11355
11356
11357
11361
11363
11365
11367
11370
11372
11374
11375
11377
11378
11379
11382
11383
11384
11385
11386
11387
11388
11389
11390
11391
11392
11394
11396
11397
11398
11400
11401
11402
11403
11404
11405
11407
11409
11410
11412
11414
11416
11418
11421
11424
11427
11428
11429
11431
11433
11436
11437
11439
11440
11441
11442
11443
11447
11449
11454
11455
11456
11460
11464
11465
11466
11468
11469
11470
11472
11473
11474
11477
11478
11479
11482
11483
11484
11485
11487
11488
11489
11490
11491
11492
11493
11494
11495
11497
11498
11499
11501
11503
11504
11507
11508
11514
11515
11516
11517
11518
11520
11521
11522
11524
11527
11529
11532
11536
11537
11538
11539
11540
11541
11542
11543
11544
11549
11551
11554
11556
11557
11558
11560
11562
11563
11566
11570
11571
11572
11573
11574
11575
11577
11578
11579
11580
11582
11584
11588
11589
11590
11591
11592
11593
11594
11596
11597
11598
11599
11600
11604
11605
11606
11609
11611
11612
11613
11614
11615
11618
11619
11620
11621
11622
11623
11624
11627
11628
11629
11630
11631
11632
11633
11634
11636
11637
11638
11640
11641
11643
11644
11646
11647
11648
11649
11650
11651
11652
11653
11654
11655
11656
11657
11658
11659
11660
11662
11664
11668
11670
11671
11673
11674
11675
11679
11682
11683
11687
11688
11689
11690
11692
11693
11695
11696
11697
11698
11700
11701
11704
11705
11708
11709
11710
11711
11712
11713
11715
11716
11718
11721
11723
11725
11726
11727
11728
11729
11730
11732
11733
11734
11735
11736
11737
11738
11740
11743
11744
11747
11750
11751
11753
11754
11756
11757
11760
11761
11763
11764
11765
11769
11770
11771
11773
11774
11777
11778
11780
11781
11782
11783
11787
11788
11790
11791
11793
11795
11798
11799
11800
11801
11802
11804
11809
11810
11811
11814
11815
11819
11820
11821
11822
11823
11827
11829
11835
11836
11837
11838
11839
11840
11841
11842
11843
11845
11846
11847
11848
11849
11851
11852
11856
11857
11858
11862
11863
11864
11865
11866
11867
11868
11869
11870
11871
11872
11873
11875
11876
11877
11878
11879
11880
11881
11882
11883
11884
11887
11889
11890
11891
11892
11894
11896
11897
11898
11899
11900
11902
11903
11904
11905
11907
11909
11910
11914
11917
11918
11920
11921
11922
11923
11925
11927
11928
11929
11930
11931
11933
11937
11939
11940
11941
11942
11944
11947
11948
11950
11951
11952
11953
11954
11955
11958
11960
11961
11962
11964
11965
11966
11968
11970
11971
11972
11975
11976
11979
11980
11982
11984
11985
11987
11990
11991
11994
11995
11996
12000
12002
12009
12010
12011
12012
12013
12014
12015
12016
12018
12019
12020
12021
12022
12023
12024
12025
12026
12027
12028
12029
12031
12032
12033
12034
12035
12036
12037
12038
12039
12040
12041
12042
12044
12045
12047
12048
12049
12050
12051
12052
12054
12055
12056
12058
12061
12063
12064
12065
12067
12069
12071
12074
12075
12081
12084
12085
12088
12090
12091
12092
12093
12094
12095
12096
12097
12099
12105
12107
12109
12110
12112
12121
12123
12125
12131
12145
12147
12148
12154
12155
12157
12159
12163
12170
12174
12177
12178
12179
12180
12181
12182
12183
12184
12185
12186
12187
12190
12191
12192
12194
12198
12200
12201
12202
12203
12204
12207
12208
12209
12210
12211
12214
12215
12217
12218
12222
12225
12227
12229
12230
12231
12232
12239
12240
12241
12242
12243
12244
12245
12246
12247
12248
12249
12250
12251
12253
12255
12256
12257
12259
12260
12261
12262
12263
12264
12268
12272
12276
12281
12282
12283
12284
12285
12291
12297
12298
12302
12304
12306
12309
12313
12315
12317
12319
12322
12323
12324
12325
12326
12327
12328
12329
12331
12332
12333
12334
12335
12336
12338
12340
12341
12342
12346
12347
12348
12349
12350
12351
12352
12353
12354
12355
12356
12357
12359
12360
12362
12363
12365
12367
12369
12373
12375
12376
12377
12381
12382
12384
12386
12387
12389
12391
12393
12394
12395
12396
12397
12399
12400
12401
12402
12404
12405
12406
12407
12408
12409
12411
12412
12413
12414
12420
12421
12422
12423
12426
12430
12431
12433
12434
12436
12437
12438
12439
12441
12443
12444
12447
12453
12455
12457
12463
12464
12465
12467
12468
12471
12474
12481
12482
12483
12484
12487
12491
12493
12494
12495
12497
12498
12501
12502
12503
12505
12506
12511
12512
12513
12516
12519
12522
12523
12525
12526
12530
12533
12535
12537
12539
12542
12545
12546
12547
12548
12550
12551
12552
12554
12556
12557
12559
12560
12562
12564
12566
12567
12568
12570
12571
12572
12573
12574
12575
12577
12580
12581
12582
12583
12585
12590
12591
12593
12594
12595
12597
12601
12602
12604
12611
12614
12615
12616
12617
12619
12620
12622
12623
12625
12626
12627
12628
12629
12630
12632
12633
12634
12635
12636
12640
12641
12643
12644
12646
12647
12648
12649
12651
12653
12654
12657
12659
12661
12663
12665
12667
12668
12671
12672
12674
12675
12676
12677
12678
12679
12680
12681
12684
12685
12686
12687
12688
12689
12690
12692
12693
12694
12695
12697
12699
12700
12701
12702
12703
12704
12708
12709
12710
12711
12712
12713
12714
12715
12717
12720
12722
12723
12729
12730
12731
12732
12733
12734
12735
12736
12737
12738
12739
12740
12741
12742
12743
12744
12749
12751
12752
12754
12755
12757
12759
12760
12761
12762
12767
12768
12769
12770
12771
12772
12773
12774
12775
12776
12777
12778
12780
12781
12782
12783
12784
12785
12786
12787
12788
12790
12791
12793
12794
12795
12796
12798
12800
12801
12802
12804
12806
12807
12808
12809
12810
12811
12812
12816
12817
12818
12819
12820
12821
12822
12823
12824
12825
12826
12827
12828
12829
12830
12831
12832
12833
12834
12835
12836
12837
12838
12839
12840
12841
12842
12843
12844
12847
12848
12849
12850
12856
12858
12861
12864
12866
12870
12871
12872
12873
12874
12876
12877
12878
12879
12881
12882
12883
12885
12887
12888
12889
12890
12891
12892
12894
12897
12898
12899
12901
12903
12904
12905
12907
12908
12910
12913
12914
12915
12916
12920
12921
12923
12924
12925
12927
12928
12929
12934
12935
12936
12937
12938
12939
12940
12941
12943
12944
12945
12947
12949
12950
12951
12952
12956
12957
12958
12962
12963
12964
12966
12967
12968
12969
12970
12971
12972
12976
12977
12978
12979
12981
12982
12983
12985
12986
12990
12994
12995
12996
12998
13000
13001
13002
13003
13006
13007
13010
13015
13017
13021
13022
13024
13026
13027
13028
13029
13031
13032
13033
13036
13038
13040
13041
13042
13045
13046
13048
13049
13050
13051
13052
13053
13054
13056
13057
13058
13059
13060
13061
13062
13063
13065
13067
13068
13069
13070
13071
13072
13074
13076
13078
13079
13081
13084
13085
13086
13088
13089
13090
13093
13094
13095
13096
13098
13100
13101
13103
13105
13107
13108
13109
13110
13114
13119
13121
13126
13128
13134
13135
13136
13137
13140
13141
13144
13145
13146
13149
13150
13151
13152
13153
13155
13156
13157
13158
13159
13163
13164
13165
13169
13170
13171
13172
13173
13174
13175
13176
13178
13180
13182
13183
13187
13188
13190
13194
13197
13200
13203
13204
13206
13207
13212
13213
13214
13215
13216
13222
13224
13225
13226
13228
13229
13230
13233
13235
13236
13237
13241
13246
13247
13248
13249
13250
13255
13256
13257
13259
13260
13261
13262
13264
13265
13266
13267
13268
13269
13270
13271
13272
13277
13280
13281
13284
13286
13287
13298
13299
13300
13301
13302
13306
13307
13308
13310
13311
13312
13313
13314
13316
13317
13318
13319
13323
13325
13326
13328
13329
13330
13331
13332
13334
13336
13337
13339
13340
13341
13342
13344
13346
13348
13349
13350
13352
13353
13354
13356
13357
13358
13360
13362
13364
13365
13369
13372
13376
13378
13379
13381
13382
13385
13386
13387
13388
13390
13391
13396
13398
13399
13400
13402
13406
13407
13415
13418
13424
13427
13428
13430
13433
13434
13438
13444
13445
13448
13452
13453
13454
13455
13456
13467
13472
13474
13476
13477
13478
13479
13480
13481
13482
13483
13484
13485
13486
13487
13489
13492
13493
13494
13495
13496
13498
13499
13505
13507
13509
13518
13519
13522
13523
13524
13525
13526
13531
13533
13534
13535
13536
13538
13540
13541
13542
13543
13544
13546
13547
13548
13552
13554
13555
13560
13566
13573
13578
13582
13590
13593
13595
13601
13603
13604
13605
13607
13609
13610
13613
13614
13615
13618
13620
13621
13622
13623
13624
13625
13626
13631
13632
13634
13636
13641
13642
13643
13644
13645
13649
13650
13651
13652
13654
13655
13656
13657
13658
13659
13660
13661
13664
13665
13666
13668
13669
13671
13672
13673
13674
13675
13677
13678
13679
13683
13685
13687
13689
13690
13691
13693
13695
13696
13698
13699
13700
13701
13702
13703
13706
13709
13711
13712
13713
13717
13721
13724
13725
13726
13727
13728
13732
13733
13734
13735
13736
13737
13738
13740
13742
13743
13744
13745
13746
13747
13748
13749
13751
13752
13755
13756
13757
13759
13761
13765
13766
13767
13768
13770
13771
13772
13773
13774
13775
13776
13777
13778
13780
13782
13783
13786
13787
13788
13790
13791
13792
13793
13795
13799
13800
13801
13802
13803
13804
13805
13806
13808
13809
13811
13812
13813
13814
13815
13816
13817
13818
13819
13820
13821
13822
13823
13824
13825
13826
13827
13828
13831
13832
13833
13834
13835
13837
13838
13839
13840
13841
13842
13843
13844
13845
13846
13847
13849
13850
13851
13852
13853
13854
13855
13856
13858
13859
13860
13861
13862
13863
13864
13865
13866
13867
13868
13869
13872
13873
13874
13875
13876
13877
13878
13879
13880
13882
13883
13884
13885
13886
13887
13888
13889
13890
13891
13894
13895
13896
13897
13898
13899
13900
13901
13902
13903
13904
13905
13906
13907
13908
13909
13910
13912
13916
13920
13921
13923
13924
13925
13929
13930
13931
13933
13936
13940
13941
13942
13943
13944
13945
13947
13949
13950
13953
13954
13956
13957
13958
13959
13960
13962
13963
13964
13965
13966
13970
13971
13972
13974
13976
13977
13978
13982
13983
13984
13985
13986
13987
13988
13990
13992
13993
13994
13996
13997
13998
14000
14002
14003
14004
14006
14007
14009
14010
14011
14012
14013
14016
14017
14020
14021
14022
14025
14026
14028
14029
14031
14032
14033
14035
14036
14038
14039
14040
14042
14043
14044
14046
14048
14049
14050
14051
14052
14055
14056
14058
14059
14064
14065
14066
14069
14073
14079
14082
14083
14084
14085
14088
14090
14091
14095
14097
14098
14099
14100
14101
14102
14103
14104
14106
14108
14109
14111
14112
14115
14116
14117
14122
14126
14127
14129
14131
14132
14135
14136
14137
14140
14144
14148
14150
14151
14153
14154
14155
14156
14159
14162
14164
14165
14168
14171
14172
14176
14177
14178
14179
14180
14183
14184
14188
14191
14195
14196
14200
14202
14205
14213
14216
14217
14219
14220
14221
14224
14225
14226
14227
14229
14237
14238
14239
14240
14241
14243
14245
14246
14247
14248
14249
14250
14252
14253
14254
14255
14256
14257
14259
14260
14262
14264
14265
14266
14267
14268
14270
14272
14274
14276
14277
14281
14282
14284
14286
14287
14288
14290
14291
14293
14294
14295
14298
14299
14301
14303
14304
14305
14306
14307
14309
14310
14311
14313
14314
14319
14323
14324
14326
14327
14329
14333
14335
14336
14343
14344
14346
14348
14350
14351
14352
14353
14354
14355
14360
14362
14363
14364
14365
14366
14367
14369
14372
14373
14374
14375
14377
14378
14379
14380
14381
14383
14384
14385
14386
14388
14389
14394
14395
14397
14400
14401
14402
14403
14404
14405
14406
14407
14409
14410
14411
14412
14413
14414
14415
14416
14417
14418
14419
14421
14422
14423
14424
14425
14428
14431
14432
14436
14438
14441
14442
14446
14447
14448
14452
14455
14460
14461
14463
14464
14466
14474
14479
14480
14481
14482
14484
14485
14486
14487
14488
14489
14490
14493
14495
14498
14501
14503
14506
14507
14508
14509
14511
14513
14514
14516
14517
14519
14522
14525
14527
14531
14535
14542
14543
14546
14559
14567
14579
14580
14581
14582
14586
14590
14593
14594
14596
14600
14602
14603
14604
14608
14611
14612
14614
14616
14617
14618
14621
14622
14623
14624
14625
14626
14627
14629
14633
14634
14635
14640
14641
14648
14650
14652
14654
14656
14657
14660
14664
14665
14666
14667
14669
14671
14674
14677
14678
14679
14680
14681
14682
14683
14684
14685
14687
14691
14693
14697
14698
14699
14700
14703
14704
14706
14708
14709
14710
14711
14714
14715
14716
14717
14718
14720
14722
14723
14724
14725
14726
14730
14731
14735
14737
14741
14744
14745
14747
14749
14750
14754
14760
14761
14766
14767
14768
14769
14770
14772
14774
14775
14776
14778
14780
14784
14788
14791
14793
14794
14796
14798
14803
14805
14807
14808
14810
14814
14815
14819
14822
14824
14835
14842
14843
14852
14853
14855
14856
14860
14864
14865
14866
14868
14869
14870
14878
14881
14885
14888
14893
14894
14901
14902
14903
14907
14908
14913
14917
14920
14923
14925
14928
14929
14930
14931
14937
14938
14939
14942
14943
14944
14948
14953
14954
14958
14959
14963
14964
14965
14966
14967
14968
14969
14974
14975
14976
14978
14979
14981
14982
14984
14985
14987
14990
14991
14993
14996
14998
14999
15002
15007
15009
15010
15014
15015
15017
15019
15022
15025
15030
15031
15032
15034
15035
15050
15063
15064
15065
15067
15069
15070
15072
15073
15074
15075
15079
15081
15082
15087
15089
15095
15098
15099
15101
15103
15108
15109
15110
15112
15113
15114
15116
15118
15121
15123
15124
15128
15129
15130
15131
15135
15138
15140
15141
15142
15145
15146
15148
15151
15161
15167
15168
15169
15170
15171
15172
15173
15175
15176
15177
15181
15184
15188
15189
15190
15191
15193
15194
15197
15199
15200
15204
15205
15206
15208
15209
15211
15212
15213
15214
15217
15220
15222
15225
15232
15236
15238
15239
15241
15242
15243
15244
15246
15251
15252
15257
15259
15262
15265
15274
15283
15293
15301
15302
15305
15306
15308
15309
15311
15312
15320
15322
15323
15324
15340
15342
15343
15344
15345
15346
15347
15349
15352
15355
15368
15369
15372
15374
15376
15379
15385
15396
15398
15401
15405
15407
15410
15412
15418
15423
15424
15425
15432
15434
15436
15437
15441
15442
15444
15446
15448
15450
15451
15454
15458
15460
15461
15468
15470
15478
15479
15480
15482
15491
15495
15508
15521
15522
15523
15527
15536
15537
15539
15540
15542
15544
15545
15546
15547
15551
15552
15554
15558
15559
15563
15565
15566
15568
15573
15574
15575
15578
15579
15580
15581
15583
15584
15590
15591
15599
15601
15602
15603
15604
15610
15614
15619
15625
15626
15639
15646
15650
15654
15655
15660
15661
15668
15669
15674
15678
15681
15684
15685
15687
15690
15691
15696
15702
15705
15706
15707
15709
15711
15713
15716
15717
15718
15719
15720
15721
15722
15723
15724
15725
15726
15728
15729
15731
15732
15737
15739
15744
15747
15749
15750
15757
15761
15764
15766
15768
15775
15776
15777
15780
15783
15787
15788
15799
15802
15804
15805
15809
15814
15823
15826
15829
15830
15831
15833
15838
15839
15842
15843
15847
15850
15852
15857
15861
15865
15867
15869
15872
15874
15880
15881
15883
15884
15885
15889
15893
15894
15900
15901
15912
15914
15919
15922
15923
15924
15931
15936
15938
15939
15941
15942
15945
15946
15947
15949
15959
15960
15961
15962
15964
15977
15978
15983
15984
15991
15994
15995
15996
15998
16002
16003
16004
16005
16007
16008
16011
16014
16015
16016
16019
16020
16028
16029
16039
16041
16044
16046
16051
16056
16060
16061
16062
16071
16072
16074
16079
16082
16085
16092
16093
16094
16096
16097
16100
16101
16103
16107
16108
16109
16116
16117
16119
16121
16129
16133
16140
16141
16143
16144
16146
16147
16149
16150
16152
16155
16156
16158
16159
16163
16165
16169
16172
16174
16177
16178
16179
16187
16192
16193
16198
16199
16200
16201
16214
16215
16217
16219
16225
16227
16236
16241
16243
16244
16251
16256
16258
16259
16262
16264
16271
16274
16280
16281
16284
16288
16289
16290
16291
16292
16296
16302
16307
16312
16313
16314
16315
16317
16318
16319
16322
16328
16334
16335
16341
16342
16343
16347
16348
16349
16357
16360
16363
16364
16373
16375
16376
16379
16380
16384
16388
16389
16390
16391
16392
16393
16397
16400
16405
16414
16416
16418
16421
16423
16424
16425
16426
16432
16435
16436
16437
16444
16447
16455
16456
16459
16460
16463
16474
16476
16477
16478
16481
16494
16498
16503
16504
16508
16509
16512
16513
16517
16522
16526
16529
16530
16540
16542
16545
16547
16551
16552
16555
16560
16568
16576
16584
16585
16587
16588
16591
16592
16593
16599
16603
16605
16610
16616
16618
16619
16622
16626
16630
16635
16648
16649
16651
16653
16654
16655
16659
16660
16665
16668
16669
16670
16672
16680
16689
16693
16694
16695
16704
16705
16708
16713
16726
16727
16729
16730
16735
16736
16739
16740
16744
16745
16750
16752
16755
16759
16760
16763
16764
16765
16774
16777
16779
16783
16787
16789
16790
16791
16792
16800
16801
16803
16805
16812
16813
16817
16818
16825
16829
16833
16834
16836
16838
16841
16844
16845
16848
16849
16850
16851
16855
16865
16873
16874
16878
16879
16880
16881
16882
16885
16887
16890
16892
16894
16898
16900
16902
16905
16907
16908
16911
16916
16917
16920
16928
16931
16940
16948
16957
16962
16963
16965
16967
16970
16972
16973
16975
16977
16981
16982
16988
16989
16993
16994
16998
17003
17004
17007
17008
17010
17013
17017
17021
17022
17026
17029
17032
17037
17038
17039
17040
17052
17053
17057
17063
17081
17087
17094
17107
17110
17111
17114
17118
17121
17126
17128
17133
17135
17141
17144
17146
17155
17156
17158
17159
17165
17167
17169
17171
17178
17180
17183
17186
17188
17192
17193
17203
17208
17210
17211
17217
17228
17231
17248
17249
17253
17254
17255
17264
17268
17269
17272
17274
17275
17280
17286
17290
17297
17298
17299
17301
17305
17306
17309
17310
17312
17313
17314
17316
17317
17319
17326
17329
17330
17338
17339
17340
17341
17342
17345
17346
17348
17350
17351
17353
17354
17355
17356
17359
17360
17361
17362
17363
17364
17366
17367
17369
17370
17373
17374
17375
17376
17377
17379
17380
17382
17384
17385
17387
17388
17389
17392
17393
17394
17395
17396
17400
17401
17402
17403
17404
17405
17406
17407
17408
17409
17410
17411
17412
17413
17414
17415
17416
17417
17419
17420
17422
17423
17424
17425
17426
17427
17429
17430
17431
17432
17435
17440
17442
17444
17447
17448
17449
17450
17451
17452
17455
17456
17457
17458
17459
17460
17463
17464
17465
17466
17468
17470
17471
17482
17486
17492
17493
17498
17499
17503
17504
17508
17509
17510
17512
17516
17517
17518
17520
17521
17522
17523
17526
17529
17534
17539
17540
17551
17560
17565
17566
17567
17568
17569
17570
17571
17574
17578
17579
17584
17586
17588
17591
17594
17595
17596
17598
17599
17601
17603
17605
17606
17610
17611
17612
17613
17615
17618
17619
17621
17625
17626
17627
17630
17633
17634
17635
17636
17637
17641
17643
17644
17646
17648
17650
17651
17652
17654
17655
17657
17659
17660
17661
17662
17663
17664
17666
17672
17676
17678
17679
17680
17681
17684
17688
17689
17692
17711
17721
17722
17723
17725
17726
17727
17729
17730
17733
17734
17735
17736
17737
17738
17739
17740
17742
17743
17744
17745
17748
17762
17763
17764
17765
17770
17771
17774
17775
17780
17782
17783
17784
17786
17787
17789
17792
17793
17794
17796
17798
17799
17803
17804
17806
17811
17812
17813
17814
17815
17817
17818
17820
17821
17826
17835
17839
17841
17842
17845
17846
17847
17850
17852
17853
17855
17856
17857
17858
17859
17860
17861
17862
17863
17864
17866
17868
17869
17870
17871
17872
17873
17874
17876
17877
17878
17879
17880
17881
17882
17885
17886
17888
17889
17890
17891
17895
17897
17900
17902
17905
17914
17918
17919
17925
17929
17934
17936
17938
17939
17940
17946
17947
17948
17949
17950
17953
17954
17955
17958
17959
17960
17961
17963
17964
17965
17966
17970
17971
17972
17973
17975
17976
17979
17980
17983
17984
17985
17987
17990
17991
17992
17999
18000
18005
18007
18008
18012
18017
18020
18021
18022
18023
18024
18025
18026
18027
18028
18030
18032
18035
18036
18037
18038
18039
18041
18045
18050
18051
18057
18059
18061
18063
18064
18066
18067
18068
18070
18071
18072
18073
18077
18078
18081
18085
18086
18088
18089
18090
18091
18092
18093
18094
18096
18097
18099
18100
18103
18104
18106
18107
18108
18110
18111
18113
18114
18115
18116
18117
18120
18121
18123
18125
18126
18130
18136
18137
18138
18140
18141
18142
18144
18145
18146
18148
18150
18151
18152
18160
18161
18167
18168
18173
18174
18177
18178
18204
18205
18206
18207
18209
18213
18216
18217
18218
18219
18221
18222
18223
18224
18227
18228
18230
18231
18233
18235
18236
18237
18239
18240
18241
18243
18246
18247
18249
18250
18251
18252
18254
18257
18259
18260
18261
18264
18265
18269
18270
18271
18273
18274
18275
18276
18277
18280
18283
18284
18286
18287
18289
18290
18296
18297
18298
18299
18303
18304
18305
18306
18307
18308
18309
18311
18322
18325
18326
18327
18328
18331
18332
18333
18334
18335
18336
18338
18343
18344
18349
18351
18355
18357
18358
18359
18360
18361
18364
18368
18373
18381
18386
18388
18391
18392
18394
18396
18398
18399
18400
18401
18403
18404
18405
18407
18412
18413
18419
18422
18423
18424
18426
18441
18442
18443
18444
18445
18446
18447
18448
18451
18452
18453
18455
18456
18459
18460
18461
18462
18463
18466
18469
18470
18473
18478
18479
18480
18482
18486
18487
18488
18489
18491
18492
18494
18495
18496
18497
18498
18499
18501
18506
18507
18508
18509
18510
18511
18512
18514
18515
18516
18517
18518
18522
18523
18524
18525
18529
18531
18532
18533
18535
18536
18537
18539
18540
18541
18542
18543
18546
18547
18549
18550
18551
18553
18554
18555
18556
18558
18559
18560
18562
18565
18570
18573
18574
18575
18576
18577
18578
18581
18583
18585
18586
18587
18588
18589
18590
18591
18592
18593
18594
18595
18597
18598
18601
18603
18604
18606
18607
18610
18611
18612
18613
18615
18616
18617
18618
18619
18620
18621
18622
18623
18624
18631
18632
18633
18634
18636
18637
18638
18641
18642
18646
18647
18651
18657
18659
18660
18662
18664
18665
18669
18670
18671
18672
18680
18681
18684
18685
18687
18691
18694
18696
18697
18698
18703
18705
18715
18723
18725
18728
18730
18731
18735
18738
18740
18741
18744
18753
18754
18755
18759
18763
18766
18767
18775
18780
18781
18782
18784
18791
18792
18795
18796
18798
18801
18802
18805
18808
18809
18816
18817
18822
18825
18826
18828
18829
18834
18835
18836
18837
18841
18842
18843
18847
18848
18849
18850
18852
18853
18854
18855
18857
18858
18859
18860
18863
18864
18865
18866
18867
18868
18869
18870
18871
18872
18873
18874
18885
18886
18888
18890
18900
18902
18906
18908
18911
18913
18914
18915
18921
18924
18927
18928
18929
18933
18937
18939
18942
18943
18945
18946
18948
18949
18950
18953
18954
18955
18957
18962
18979
18980
18981
18984
18986
18988
18989
18996
19012
19013
19016
19021
19027
19029
19031
19033
19034
19035
19039
19052
19056
19069
19070
19073
19075
19077
19078
19079
19080
19082
19083
19086
19087
19088
19092
19093
19096
19100
19102
19104
19105
19106
19108
19111
19112
19116
19117
19120
19121
19122
19124
19125
19127
19129
19130
19133
19134
19135
19137
19138
19139
19140
19142
19143
19144
19145
19146
19147
19150
19151
19152
19154
19155
19156
19157
19158
19159
19160
19161
19163
19165
19166
19169
19172
19175
19176
19179
19180
19181
19183
19185
19187
19190
19193
19194
19195
19197
19198
19199
19201
19202
19204
19213
19214
19215
19218
19219
19220
19221
19222
19223
19226
19227
19228
19229
19230
19232
19233
19234
19236
19238
19239
19240
19244
19252
19254
19257
19258
19259
19260
19261
19262
19264
19265
19266
19267
19270
19271
19275
19276
19277
19284
19289
19290
19292
19293
19295
19296
19297
19300
19302
19304
19305
19306
19307
19310
19311
19316
19317
19318
19320
19321
19324
19325
19330
19331
19332
19333
19336
19337
19339
19342
19343
19344
19345
19347
19348
19349
19350
19351
19352
19354
19356
19360
19363
19364
19365
19366
19367
19369
19371
19373
19374
19377
19379
19381
19382
19385
19386
19388
19402
19403
19404
19405
19407
19414
19417
19419
19421
19423
19434
19435
19436
19437
19440
19441
19442
19446
19447
19448
19450
19451
19452
19453
19456
19457
19459
19461
19471
19472
19473
19477
19478
19481
19483
19484
19485
19486
19490
19492
19494
19495
19496
19497
19498
19501
19502
19503
19506
19508
19509
19511
19513
19514
19516
19517
19518
19519
19520
19521
19522
19524
19525
19526
19527
19528
19530
19532
19538
19539
19541
19542
19543
19546
19547
19548
19549
19550
19551
19553
19555
19556
19557
19563
19566
19567
19568
19575
19577
19578
19582
19583
19584
19587
19588
19590
19592
19597
19606
19607
19608
19611
19613
19614
19615
19616
19618
19622
19624
19627
19628
19629
19630
19632
19633
19634
19635
19638
19640
19641
19642
19643
19644
19648
19649
19655
19656
19663
19667
19668
19669
19670
19672
19673
19675
19676
19677
19678
19679
19681
19682
19683
19684
19687
19688
19689
19690
19692
19693
19694
19696
19697
19698
19699
19705
19707
19709
19710
19714
19717
19718
19720
19721
19722
19724
19728
19732
19733
19734
19737
19738
19741
19745
19746
19756
19757
19758
19759
19763
19764
19767
19769
19770
19773
19774
19777
19782
19792
19795
19797
19798
19801
19802
19805
19813
19817
19819
19831
19833
19835
19837
19838
19839
19840
19841
19845
19852
19858
19861
19862
19863
19864
19865
19866
19867
19871
19872
19873
19874
19879
19882
19887
19889
19894
19895
19896
19897
19902
19905
19907
19908
19909
19910
19914
19916
19917
19918
19922
19924
19926
19927
19928
19929
19930
19933
19935
19938
19943
19945
19946
19947
19952
19953
19956
19957
19964
19967
19968
19969
19970
19971
19972
19973
19974
19975
19976
19978
19985
19988
19990
19992
19997
19998
19999
20001
20008
20010
20018
20019
20020
20021
20024
20025
20026
20029
20030
20032
20037
20042
20043
20044
20045
20047
20049
20050
20053
20054
20055
20056
20057
20058
20061
20062
20063
20064
20066
20068
20070
20071
20074
20081
20082
20084
20086
20087
20092
20093
20097
20098
20100
20102
20103
20104
20108
20110
20111
20115
20116
20117
20118
20122
20123
20126
20127
20128
20129
20140
20141
20143
20145
20147
20148
20149
20153
20154
20155
20162
20163
20165
20171
20172
20174
20178
20185
20187
20192
20193
20195
20198
20199
20207
20209
20211
20214
20215
20216
20218
20219
20220
20221
20222
20223
20224
20225
20226
20228
20230
20231
20232
20233
20236
20239
20240
20248
20250
20251
20257
20262
20265
20266
20267
20269
20271
20278
20280
20281
20282
20283
20284
20286
20287
20288
20289
20290
20291
20295
20296
20297
20300
20303
20305
20311
20312
20317
20318
20319
20325
20326
20327
20328
20330
20333
20335
20337
20347
20348
20349
20355
20356
20357
20358
20360
20362
20363
20364
20365
20366
20367
20368
20373
20374
20376
20379
20381
20385
20386
20390
20392
20394
20397
20398
20399
20400
20405
20406
20407
20408
20409
20410
20413
20414
20415
20416
20417
20418
20420
20422
20424
20425
20427
20437
20441
20444
20446
20449
20452
20456
20457
20460
20462
20471
20472
20473
20475
20476
20478
20480
20481
20485
20489
20492
20493
20494
20495
20498
20499
20500
20504
20505
20506
20511
20512
20515
20516
20517
20518
20519
20520
20523
20524
20526
20528
20529
20530
20534
20538
20542
20543
20546
20549
20550
20552
20553
20554
20555
20557
20558
20562
20563
20566
20568
20569
20572
20575
20577
20578
20581
20583
20586
20589
20590
20591
20592
20594
20595
20596
20597
20598
20601
20603
20604
20606
20607
20609
20613
20614
20617
20618
20619
20621
20622
20624
20626
20628
20629
20630
20631
20635
20639
20641
20642
20643
20644
20651
20652
20654
20656
20660
20661
20662
20663
20664
20665
20666
20667
20668
20669
20670
20672
20679
20680
20682
20684
20687
20688
20689
20690
20692
20693
20694
20695
20696
20701
20702
20704
20705
20706
20707
20710
20711
20712
20713
20714
20715
20716
20717
20719
20720
20724
20725
20727
20728
20732
20733
20734
20738
20742
20749
20754
20755
20756
20757
20763
20764
20767
20768
20777
20783
20786
20787
20788
20789
20790
20791
20792
20793
20794
20797
20798
20800
20806
20808
20809
20812
20814
20819
20823
20824
20825
20830
20831
20833
20836
20837
20839
20840
20843
20847
20848
20850
20851
20852
20853
20854
20855
20859
20860
20861
20863
20866
20870
20873
20876
20877
20880
20881
20882
20884
20886
20890
20895
20897
20898
20900
20902
20903
20904
20906
20908
20911
20913
20917
20919
20920
20921
20926
20927
20936
20937
20938
20940
20941
20942
20943
20946
20947
20949
20950
20955
20956
20959
20963
20968
20979
20980
20981
20982
20985
20988
20989
20998
21001
21002
21007
21009
21012
21014
21017
21024
21025
21026
21027
21028
21031
21035
21037
21038
21039
21040
21042
21043
21044
21045
21046
21047
21048
21049
21050
21051
21053
21054
21055
21056
21057
21058
21059
21063
21064
21065
21066
21067
21068
21069
21072
21076
21078
21083
21084
21086
21087
21088
21092
21094
21100
21101
21112
21113
21115
21119
21121
21122
21124
21125
21128
21133
21136
21138
21145
21146
21147
21148
21149
21151
21153
21156
21158
21159
21163
21166
21169
21170
21171
21172
21174
21179
21180
21181
21186
21189
21190
21196
21197
21198
21199
21200
21201
21202
21204
21219
21221
21224
21229
21232
21238
21252
21257
21268
21269
21271
21279
21281
21282
21284
21286
21287
21297
21303
21305
21307
21311
21312
21313
21315
21316
21317
21318
21319
21321
21327
21336
21337
21339
21343
21345
21349
21352
21356
21357
21358
21361
21363
21369
21370
21374
21376
21377
21378
21382
21386
21388
21389
21397
21398
21402
21407
21408
21411
21414
21415
21419
21425
21428
21429
21431
21432
21433
21438
21441
21451
21459
21464
21467
21469
21476
21479
21484
21485
21486
21489
21494
21495
21497
21501
21502
21507
21511
21515
21516
21517
21519
21522
21524
21528
21529
21532
21533
21534
21537
21541
21545
21547
21548
21549
21550
21554
21560
21563
21569
21573
21576
21578
21579
21580
21581
21585
21589
21590
21591
21598
21601
21604
21606
21611
21615
21618
21620
21623
21625
21627
21635
21637
21638
21641
21644
21645
21648
21649
21650
21659
21661
21662
21663
21665
21666
21668
21669
21672
21673
21675
21678
21679
21680
21686
21688
21689
21690
21692
21702
21711
21712
21713
21716
21717
21721
21722
21723
21724
21727
21728
21729
21734
21739
21740
21741
21743
21744
21747
21748
21749
21754
21757
21758
21760
21761
21762
21763
21765
21772
21773
21774
21777
21778
21781
21782
21784
21786
21791
21792
21795
21796
21800
21801
21803
21804
21806
21811
21815
21816
21817
21818
21819
21823
21826
21827
21828
21829
21830
21831
21832
21834
21836
21838
21839
21841
21842
